4 0.1354727909482759 0.35186557112068967 0.038651670258620756 0.3437971443965517 0.0208378232758621 0.5575633081896552 0.11765894396551727 0.565631734913793
4 0.2304884123322148 0.2157088926174497 0.17678402894295306 0.20623164848993292 0.1365745595637584 0.4340853083053692 0.19027894295302014 0.44356255243288595
4 0.24168472056640278 0.440223373954022 0.19453065249910023 0.43448841972962027 0.17003926635324818 0.6358620391510706 0.2171933344205507 0.6415969933754724
4 0.17986367274498893 0.633873886414254 0.13464600153118048 0.612102415089087 0.09209267121380851 0.7004824088251671 0.13731034242761697 0.7222538801503341
4 0.3242187500000001 0.376953125 0.2812500000000001 0.376953125 0.2812500000000001 0.4794921875 0.3242187500000001 0.4794921875
4 0.2933086584944752 0.18592455110497239 0.2677831491712707 0.18458110324585636 0.26484267092541436 0.2404501899171271 0.29036818024861877 0.24179363777624313
4 0.373046875 0.19921875000000006 0.357421875 0.19921875000000006 0.357421875 0.28613281250000006 0.373046875 0.2861328125000001
4 0.42017728365384627 0.26395733173076924 0.394540264423077 0.26253305288461537 0.3903245192307693 0.33841646634615385 0.41596153846153855 0.3398407451923077
4 0.43787443329015546 0.33197559099740936 0.42201161755181343 0.32780116580310886 0.40991843426165797 0.37375526230569955 0.42578125 0.3779296875000001
4 0.47137004573170743 0.3738805259146343 0.4533631859756098 0.37187976371951226 0.44693216463414637 0.429758955792683 0.464939024390244 0.43175971798780494
4 0.5791015625 0.3203125000000001 0.5711782094594595 0.31906144425675687 0.5623891469594595 0.37472550675675687 0.5703125 0.3759765625000001
4 0.2626953125000001 0.5859375000000001 0.24842284674234957 0.5856203340942745 0.24700572248272468 0.649390925777394 0.2612781882403752 0.6497080916831195
4 0.3973236488726792 0.5516775116047746 0.3750777105437667 0.5469941561671089 0.355836579907162 0.6383895266909816 0.3780825182360744 0.6430728821286473
4 0.508001799458381 0.4733689067844926 0.493599451254276 0.4703891106043329 0.47778515179589515 0.5468248913198405 0.4921875000000001 0.5498046875000001
4 0.4453125 0.66015625 0.431640625 0.66015625 0.431640625 0.6865234375 0.4453125 0.6865234375
4 0.4609375 0.69921875 0.439453125 0.69921875 0.4394531250000001 0.7392578125 0.4609375000000001 0.7392578125
