4 0.3656185963114755 0.5006563780737705 0.32670017930327877 0.49711834016393447 0.3255955430327869 0.5092693391393444 0.3645139600409837 0.5128073770491804
4 0.37580698424409753 0.42829219821020575 0.32031250000000006 0.4228515625000001 0.3195055157559026 0.4310828017897945 0.3750000000000001 0.43652343750000017
4 0.24311018318965524 0.707947198275862 0.18792429956896564 0.7047009698275861 0.1863079202586208 0.7321794181034482 0.24149380387931046 0.7354256465517242
4 0.2891402998662307 0.6428382320154579 0.2887327214625446 0.6261275174643282 0.19913282178953623 0.6283128808709868 0.19954040019322233 0.6450235954221165
4 0.34133709265564205 0.5845049550097275 0.26400246230544755 0.5796715406128404 0.2625091196498055 0.6035650231031129 0.33984375 0.6083984375
4 0.482421875 0.673828125 0.3789062500000001 0.673828125 0.3789062500000001 0.7216796875 0.482421875 0.7216796875
4 0.43946814903846165 0.8035907451923079 0.23105468750000008 0.7775390625 0.22435396634615395 0.8311448317307691 0.43276742788461553 0.857196514423077
4 0.5734362219289114 0.8954049858715051 0.36162498605740645 0.8477474578004165 0.3391425537254612 0.9476693792757287 0.5509537895969662 0.9953269073468173
4 0.6448982297498251 0.7822381801084675 0.44837066458187547 0.7562817092372288 0.44186958756123174 0.8055041495363889 0.6383971527291814 0.8314606204076277
4 0.7230643857758621 0.8557664331896554 0.6265449892241379 0.8297804418103449 0.6128353987068966 0.8807017780172414 0.7093547952586207 0.9066877693965518
4 0.6439614392201836 0.621928755733945 0.5585686639908256 0.6070778383027523 0.5553146502293578 0.6257884174311927 0.6407074254587157 0.6406393348623854
4 0.37402343750000006 0.572265625 0.3320312500000001 0.5693359375 0.33114509048708296 0.5820375571851453 0.3731372779870829 0.5849672446851453
4 0.43304943647540994 0.5362608862704918 0.37370325307377056 0.5308657786885246 0.37221439549180335 0.547243212090164 0.4315605788934428 0.5526383196721312
4 0.5514473446531791 0.5064125722543353 0.4742481033236995 0.4945357658959538 0.4717417810693642 0.510826860549133 0.5489410223988439 0.5227036669075146
4 0.2519531250000001 0.9921875 0.22265625000000008 0.9921875 0.22265625000000008 0.9990234375 0.2519531250000001 0.9990234375
4 0.20312500000000008 0.9794921875 0.00390625000000012 0.9794921875 0.00390625000000012 0.984375 0.20312500000000008 0.984375
4 0.08007812500000001 0.9990234375 0.07990845570088848 0.9913883190399803 0.03509551610315893 0.9923841621421522 0.035265185402270485 1.000019280602172
4 0.28124999999999994 0.9833984375 0.28101049270072986 0.9745366674270073 0.20885036496350362 0.9764869411496351 0.2090898722627737 0.9853487112226278
4 0.40625000000000017 0.990234375 0.3476562500000001 0.990234375 0.3476562500000001 0.9990234375 0.40625000000000017 0.9990234375
4 0.18945312500000014 0.9921875 0.14435188125000015 0.9921875 0.14435188125000015 0.9990234375 0.18945312500000014 0.9990234375
4 0.07721512957317074 0.9677591463414636 0.07714807106003753 0.9628638748827392 0.0039062499999999987 0.9638671874999998 0.00397330851313321 0.9687624589587243
4 0.07732247834158426 0.7062674040841583 0.0005511293316832533 0.6985902691831682 -0.0030167079207919943 0.7342686417079209 0.07375464108910901 0.741945776608911
4 0.7754226434426231 0.5631243596311475 0.7180135758196722 0.5579053534836065 0.7160124231557378 0.5799180327868854 0.7734214907786887 0.5851370389344263
4 0.5051594111271677 0.44204976517341044 0.4295746026011561 0.43042133309248565 0.4272263367052023 0.445685061416185 0.5028111452312138 0.4573134934971099
