4 1.0010812511782077 0.1984796700232501 0.7629386860625864 0.1824251150716351 0.7572074411681539 0.2674385810057183 0.9953500062837751 0.2834931359573333
4 0.807131806930693 0.3861618193069308 0.5019105816831683 0.26988706683168323 0.46874226485148524 0.35695389851485154 0.7739634900990099 0.47322865099009903
4 0.9558916410369068 0.4173423083260107 0.7972508650043937 0.3836912346221442 0.7641163911467487 0.5398966113796135 0.9227571671792619 0.57354768508348
4 0.5374743187716262 0.42500067582179935 0.3846777681660899 0.37849737781141873 0.3692318609429065 0.4292482158304499 0.5220284115484428 0.4757515138408305
4 0.34772393254950507 0.39678411200495056 0.2390450959158416 0.3859162283415842 0.23544825185643567 0.4218846689356436 0.3441270884900991 0.4327525525990099
4 0.1239338837336245 0.3078005594978166 0.032844909934497866 0.2956553629912664 0.023437500000000038 0.36621093750000006 0.11452647379912669 0.37835613400655027
4 0.07366448479729738 0.49648965371621634 0.0009765625000000776 0.4843750000000001 -0.011560388513513441 0.5595967060810811 0.06112753378378386 0.5717113597972974
4 0.14491919948630141 0.427025363869863 0.0640116652397261 0.3966850385273973 0.05076787243150691 0.43200181934931514 0.13167540667808222 0.4623421446917808
4 0.2016605981334842 0.40831006080316745 0.11902485152714937 0.38506875707013577 0.11208904835972855 0.4097293905542987 0.19472479496606337 0.43297069428733037
4 0.09282622466216221 0.24284733952702706 0.05355257601351358 0.23630173141891894 0.046663851351351406 0.27763407939189194 0.08593750000000004 0.28417968750000006
4 0.047504659140017336 0.46288978095289546 0.0009765625000000445 0.4453125 -0.007862298779170218 0.4687094857389802 0.038665797860847076 0.48628676669187554
4 0.26610824742268036 0.49425136920103085 0.16389134987113407 0.45493717783505155 0.1489408827319588 0.49380839239690727 0.2511577802835051 0.5331225837628866
4 0.1738386824324325 0.6213524070945946 0.05197951858108115 0.6021114864864865 0.04608847128378385 0.6394214527027027 0.16794763513513522 0.6586623733108109
4 0.21079243386929472 0.5549735801348549 0.0925837979771785 0.5306365080394191 0.08442605679460587 0.5702598223547719 0.20263469268672205 0.5945968944502076
4 0.4542284897214855 0.48841076757294444 0.2851199850795756 0.452808977122016 0.2756496601458886 0.49779302055702923 0.44475816478779845 0.5333948110079577
4 0.3916280090270813 0.5423438283600803 0.2732063377632899 0.5194235048896692 0.2646729250250753 0.5635128040371113 0.38309459628886666 0.5864331275075225
4 0.2903059017920512 0.6098691725070974 0.19531250000000006 0.6044921875000001 0.19357839114620307 0.6351281105837474 0.2885717929382542 0.6405050955908447
4 0.6823950812274369 0.42836543885379064 0.5113027414259929 0.3911714519404333 0.5025595103790614 0.4313903147563177 0.6736518501805054 0.4685843016696752
4 0.818457817422121 0.5328893397794892 0.6329758870756039 0.4746989302590131 0.6057729644294716 0.5614082461935598 0.7912548947759888 0.6195986557140358
4 0.6355106829073482 0.5886001148162939 0.5744502545926518 0.5549545726837061 0.55298584764377 0.5939084964057508 0.6140462759584665 0.6275540385383386
4 0.5675649692357512 0.6024328044041452 0.44248907059585496 0.5695180942357514 0.4334065333549223 0.6040317357512954 0.5584824319948185 0.6369464459196892
4 0.41851999015042984 0.6267264729584527 0.3383355345630372 0.6044530130730659 0.3306125761103152 0.6322556635028654 0.4107970316977078 0.6545291233882523
4 0.456617293962018 0.7103460128841693 0.3365745732458684 0.7060071193643085 0.33464976261235146 0.7592602135582778 0.45469248332850104 0.7635991070781386
4 0.6677873622185742 0.7269930669559098 0.513648056402439 0.6779487423780488 0.49215268820356484 0.7455056138602252 0.6462919940196998 0.7945499384380863
4 0.9140624999999998 0.7490234375 0.7219372406639003 0.6672275350103736 0.6926855873962655 0.7359349066390042 0.884810846732365 0.8177308091286306
4 0.962890625 0.7041015625000002 0.8926733993902438 0.681759717987805 0.8790015243902438 0.724728467987805 0.94921875 0.7470703125000002
4 0.7300265330188678 0.8802881780660379 0.6185878537735847 0.8183778007075473 0.5917784492924527 0.8666347287735849 0.7032171285377358 0.9285451061320755
4 0.9375000000000002 0.7939453125000002 0.894394682991121 0.7823804713512764 0.872910307991121 0.8624585963512764 0.9160156250000002 0.8740234375000002
4 0.904296875 0.857421875 0.6875000000000002 0.857421875 0.6875000000000002 0.9990234375 0.904296875 0.9990234375
4 0.2796989889705883 0.8294462316176471 0.18732766544117654 0.806353400735294 0.17825137867647065 0.8426585477941175 0.2706227022058824 0.8657513786764707
4 0.3741989992977529 0.8358277738764045 0.2997388518258428 0.8186446629213482 0.2895343223314607 0.8628642907303371 0.3639944698033708 0.8800474016853933
4 0.5789418222210733 0.9581477006633377 0.32194926076261676 0.9038937154665524 0.30733094769383057 0.9731383563186975 0.5643235091522871 1.0273923415154829
