4 0.2578125000000001 0.39453125 5.339890584172786e-17 0.39453125 6.38634170649108e-17 0.5654296875 0.2578125000000001 0.5654296875
4 0.1328633923424289 0.3366623030361261 0.10805855471752498 0.28452152190622604 -0.009691163047655627 0.3405383779304382 0.015113674577248281 0.39267915906033823
4 0.23893149406584988 0.3255745716883614 0.21920792256891267 0.2339179747320061 0.10912076473966308 0.25760761629019907 0.1288443362366003 0.3492642132465543
4 0.251953125 1.8596931373770844e-17 0.04296875000000001 5.800329077992835e-18 0.042968750000000014 0.1123046875 0.251953125 0.11230468750000003
4 0.4023685910174882 0.13250198728139906 0.32675874403815575 0.1264531995230525 0.31934680544515104 0.21910243193561207 0.39495665242448336 0.22515121969395868
4 0.512657287057522 0.28514069413716814 0.3354206996681416 0.21263481747787613 0.2872286366150442 0.33043763827433625 0.46446522400442475 0.40294351493362834
4 0.4980004273186684 0.43647466743460156 0.2882833401456599 0.43135961652794286 0.2857112997919144 0.5368132710315101 0.49542838696492286 0.5419283219381688
4 0.2695312500000001 0.58984375 0.20117187500000008 0.58984375 0.20117187500000008 0.705078125 0.2695312500000001 0.705078125
4 0.2892853397651007 0.8778903628355705 0.2662214240771812 0.7471948406040267 0.11847865981543626 0.7732670931208052 0.14154257550335572 0.9039626153523489
4 0.3129284568261378 0.9109561880105016 0.18960126166861152 0.893945540402567 0.17915420799299892 0.9696866795507584 0.3024814031505252 0.9866973271586928
4 0.46484375000000017 0.765625 0.3027343750000001 0.765625 0.3027343750000001 0.9013671875 0.46484375000000017 0.9013671875
4 0.9773485690312047 0.21991620555152408 0.7465022337626996 0.12697807057329474 0.7086362708635704 0.22103223648403492 0.9394826061320755 0.31397037146226425
4 0.7000269396551724 0.262627963362069 0.6520406788793104 0.1506600215517242 0.5971174568965518 0.17419854525862072 0.6451037176724139 0.28616648706896547
4 0.5866173169889503 0.3801040227900553 0.4934888639502761 0.3544134150552486 0.4798838915745855 0.40373143991712707 0.5730123446132597 0.4294220476519338
4 0.7162500000000002 0.3622265625000002 0.6128906250000001 0.3474609375000001 0.5962109375000002 0.4642187500000001 0.6995703125000002 0.47898437500000013
4 0.5632581360946746 0.629157035872781 0.5567561945266272 0.5348788831360947 0.5056120562130177 0.5384060650887574 0.512113997781065 0.6326842178254438
4 0.6356111471645367 0.44858850838658154 0.5548029402955271 0.44535618011182115 0.5515768520367412 0.5260083865814696 0.6323850589057509 0.52924071485623
4 0.7266542575503356 0.6065763947147651 0.6689846371644295 0.5241912227348994 0.5612350566275167 0.5996159291107384 0.6189046770134229 0.6820011010906041
4 1.009083496759891 0.3002243562414735 0.7384331301159618 0.28017618093451574 0.7280066933833561 0.42093307682469316 0.9986570600272853 0.44098125213165085
4 0.9015377579174665 0.13960345189539355 0.8205280560220729 -0.007686915187140109 0.7383543516074855 0.03750862224088296 0.8193640535028791 0.18479898932341662
4 0.8715988685344828 0.460735452586207 0.7596309267241379 0.4127491918103449 0.7076037176724137 0.5341460129310345 0.8195716594827587 0.5821322737068966
4 1.000049083283848 0.5282202902315916 0.8517281212885985 0.5122248923693586 0.8219480218230404 0.788367632868171 0.9702689838182899 0.8043630307304038
4 1 0.45898437500000017 0.95703125 0.45898437500000017 0.95703125 0.5361328125000002 1 0.5361328125000002
4 0.779400275735294 0.7935776654411765 0.6948184742647058 0.6948988970588237 0.6252527573529412 0.7545266544117648 0.7098345588235293 0.8532054227941176
4 0.7926465850515464 0.7248610663659794 0.7503221649484535 0.6296311211340205 0.7008497100515463 0.6516188788659794 0.7431741301546391 0.7468488240979381
4 0.888671875 0.7617187500000002 0.80859375 0.7617187500000002 0.80859375 0.8701171875 0.888671875 0.8701171875
4 0.552734375 0.6875 0.484375 0.6875 0.4843750000000001 0.7373046875 0.5527343750000001 0.7373046875
4 0.5000000000000002 0.890625 0.43554687500000017 0.890625 0.43554687500000017 0.9736328125 0.5000000000000002 0.9736328125
4 0.6071337090163935 0.7697713883196722 0.5551837858606559 0.7650486680327869 0.5522220799180328 0.7976274334016396 0.6041720030737705 0.8023501536885247
4 0.3349609375000001 0.6982421875000001 0.2998046875000001 0.6923828125000001 0.2922297297297298 0.7378325591216217 0.3273859797297298 0.7436919341216217
4 0.4398731369765792 0.13339677408623135 0.4364485838804117 0.07289633605393898 0.3914497759936125 0.07544343838715402 0.39487432908977993 0.1359438764194464
4 0.3662711845408896 0.08900729689741756 0.32910156250000006 0.08398437500000004 0.32610322139526543 0.10617209917503592 0.363272843436155 0.11119502107245345
4 0.44662360767326736 0.013892326732673332 0.40784150680693065 -0.0008818069306930409 0.38895227413366334 0.048702428836633685 0.427734375 0.06347656250000006
4 0.458984375 0.16601562500000006 0.412109375 0.16601562500000006 0.412109375 0.23535156250000008 0.458984375 0.23535156250000008
