4 1.0000000000000002 0.8876953125000002 0.9990234375 0.5488281250000001 0.8451443570405281 0.5492715805632838 0.8461209195405284 0.8881387680632841
4 0.873226930463814 0.42004079013498 0.7952236502010339 0.41871870063900074 0.791987700136416 0.6096397544514648 0.8699909803991959 0.6109618439474441
4 0.7942594685162094 0.34905655782418954 0.7861669069513716 0.1872053265274314 0.6926506974750624 0.19188113700124684 0.7007432590399003 0.35373236829800503
4 0.7735095952181209 0.4699690645973155 0.6880505453020134 0.4548880557885907 0.6664613045302012 0.5772270868288591 0.7519203544463088 0.5923080956375839
4 0.6097014219290658 0.4299787791955019 0.5631156736591697 0.4287528384515573 0.5599548551038064 0.5488639435553635 0.6065406033737025 0.550089884299308
4 0.6663650372706422 0.6834056049311927 0.6371577551605504 0.6746434202981652 0.6257884174311925 0.7125412127293578 0.6549956995412843 0.7213033973623854
4 0.5224946120689655 0.7076037176724137 0.4795932112068965 0.6003502155172414 0.4398572198275862 0.6162446120689655 0.48275862068965514 0.7234981142241379
4 0.60546875 0.61328125 0.5234375 0.61328125 0.5234375 0.7236328125 0.60546875 0.7236328125
4 0.5662109375 0.86875 0.5590988685344828 0.7478448275862069 0.5027680495689655 0.7511584051724137 0.5098801185344828 0.8720635775862069
4 0.6622379954268294 0.7894388338414634 0.5926114710365854 0.7745188643292684 0.573361280487805 0.8643530868902438 0.6429878048780489 0.879273056402439
4 1.0003131494952495 0.03740164786223278 0.9990234375 0 0.9312834026128266 0.0023358632719714945 0.9325731146080761 0.039737511134204276
4 0.7509765625 0.003906250000000092 0.6785280114710206 0.0028562709995801016 0.6775407851217976 0.07097488909596818 0.749989336150777 0.07202486809638817
4 0.6359793111992071 0.0469921100718534 0.5866624210232905 0.032082352576808804 0.5564402796704659 0.13204789705153624 0.6057571698463826 0.14695765454658083
4 0.513671875 0.21093750000000008 0.474609375 0.21093750000000008 0.474609375 0.3007812500000001 0.513671875 0.3007812500000001
4 0.46249710290482077 0.5851009637669963 0.447981448933869 0.5038133015296662 0.4154663840389369 0.5096195631180469 0.4299820380098887 0.590907225355377
4 0.517578125 0.4453125 0.443359375 0.4453125 0.443359375 0.5986328125 0.517578125 0.5986328125
4 0.41612249410377367 0.44773732311320763 0.39696712853773597 0.4469044811320755 0.39490713443396236 0.49428434551886796 0.4140625000000001 0.4951171875000001
4 0.4498403284671533 0.42631871578467156 0.4482421875000001 0.3671875 0.429621920620438 0.36769075045620436 0.4312200615875913 0.4268219662408759
4 0.2611478365384615 0.5432842548076923 0.24761117788461542 0.43499098557692306 0.2322265625 0.4369140625 0.24576322115384613 0.5452073317307692
4 0.3222656250000001 0.49609375 0.3164062500000001 0.49609375 0.3164062500000001 0.5537109375 0.3222656250000001 0.5537109375
4 0.267578125 0.5009765625000001 0.2646484375 0.4785156250000001 0.2603900441449814 0.4790710676115242 0.2633197316449814 0.5015320051115242
4 0.29777022602095643 0.649335349778345 0.29679366352095643 0.589765037278345 0.29199218749999994 0.58984375 0.29296874999999994 0.6494140625
4 0.34962415540540537 0.6988777449324324 0.34730891047297296 0.5993222128378378 0.3261993243243243 0.599813133445946 0.3285145692567567 0.6993686655405404
4 0.4980410965236686 0.9077986316568047 0.46415033284023677 0.8938436113165682 0.4527840698964498 0.9214473927514794 0.48667483357988167 0.935402413091716
4 0.40625 0.9990234375 0.38557967886740335 0.768204851519337 0.2897125345303867 0.776789968922652 0.3103828556629834 1.007608554903315
4 0.361328125 0.03125000000000004 0.31640625 0.03125000000000004 0.31640625 0.15527343750000006 0.361328125 0.15527343750000006
