4 0.306640625 0.5146484375 0.16406250000000003 0.3720703125000001 0.0537109375 0.4824218750000001 0.19628906249999994 0.625
4 0.5028456878043008 0.5383630308358129 0.48657906748715185 0.4320043595313769 0.2787339713788207 0.4637924330538275 0.2950005916959697 0.5701511043582635
4 0.48057624157414747 0.28512016133029344 0.2930096401665345 0.23865870960547184 0.2623475911974623 0.36244253692505957 0.4499141926050753 0.4089039886498811
4 0.20747994087837837 0.3747624577702703 0.19074641047297297 0.27436127533783783 0.08749472128378379 0.2915698902027027 0.10422825168918919 0.3919710726351352
4 0.3044329851274788 0.7305213128541077 0.2634505577195468 0.6166812367209632 0.20466315509915015 0.637844701664306 0.24564558250708216 0.7516847777974505
4 0.3231117503295256 0.8120245908391917 0.21862471166520225 0.7441080157073815 0.13058305415202126 0.8795567195738137 0.23507009281634458 0.9474732947056239
4 0.5222886029411764 0.9020565257352942 0.50041994168357 0.7664708259381341 0.3401488019776876 0.7923210097616634 0.3620174632352941 0.9279067095588236
4 0.37109375000000006 0.9990234375000002 0.3705584156064111 0.9331773070885658 0.24950442519001986 0.934161485872439 0.25003975958360874 1.0000076162838734
4 0.5655107606132076 0.9725678066037737 0.5619914504716982 0.8916236733490566 0.4909640330188679 0.8947118219339621 0.49448334316037734 0.9756559551886793
4 0.57421875 0.68359375 0.509765625 0.68359375 0.5097656250000001 0.732421875 0.5742187500000001 0.732421875
4 0.5782001201923078 0.6204927884615385 0.5594951923076924 0.5269681490384617 0.5106670673076923 0.5367337740384617 0.5293719951923077 0.6302584134615385
4 0.6954768719059408 0.33722346844059414 0.5914391243811882 0.3268196936881189 0.5795366646039605 0.4458442914603962 0.683574412128713 0.45624806621287145
4 0.651263360393681 0.47179428911735216 0.579432633839017 0.42326001441825484 0.5346449504764293 0.48954578579488467 0.6064756770310933 0.5380800604939819
4 0.5679605455075846 0.3705672950700117 0.47219360778879815 0.35735806228121353 0.4656072235997667 0.405109347651692 0.5613741613185531 0.4183185804404901
4 0.73828125 0.5712890625000002 0.6660156250000001 0.4990234375000003 0.5732421875000001 0.5917968750000002 0.6455078125 0.6640625000000002
4 0.7976747959940653 0.7951276196216617 0.7610406620919881 0.6642914271142435 0.6794672663204747 0.6871319779302671 0.7161014002225519 0.8179681704376854
4 0.8202241557151588 0.6796254202322738 0.7577957862163813 0.5951635085574573 0.7131484948044009 0.6281636804706602 0.7755768643031784 0.7126255921454767
4 1 0.45898437500000017 0.853515625 0.45898437500000017 0.853515625 0.7382812500000002 1 0.7382812500000002
4 0.9307516163793104 0.8145272090517242 0.922002963362069 0.7095433728448276 0.8419921874999998 0.7162109375000001 0.8507408405172411 0.8211947737068966
4 0.9911814563679243 0.3762750589622642 0.9848761792452828 0.2312536851415095 0.7036482900943396 0.24348098466981133 0.7099535672169811 0.3885023584905661
4 0.8620283018867925 0.4106353183962265 0.7436247051886793 0.37680571933962276 0.7077314268867925 0.5024321933962265 0.8261350235849056 0.5362617924528303
4 0.908203125 9.752924460006508e-17 0.6796875 8.353669816449475e-17 0.6796875 0.22363281250000008 0.908203125 0.22363281250000008
4 0.35410958904109596 0.24357609160958904 0.35070366010273973 0.1516160102739726 0.27514180222602735 0.15441459760273973 0.2785477311643836 0.24637467893835616
4 0.18375844343824227 0.21278392220902614 0.1823365127672209 0.17154793274940616 0.13538264548693585 0.17316703162114014 0.13680457615795724 0.21440302108076015
4 0.18359375 0.017578125000000014 0.041015625 0.017578125000000007 0.041015625000000014 0.1455078125 0.18359375 0.14550781250000003
4 0.3875390624999999 0.14148437500000002 0.3794921874999999 0.08515625000000002 0.35023437499999993 0.08933593750000002 0.35828124999999994 0.14566406250000002
4 0.4234145220588236 0.24227941176470585 0.40769761029411766 0.1715533088235294 0.3545496323529412 0.18336397058823528 0.37026654411764703 0.2540900735294117
