4 0.21236478365384612 0.9124098557692308 0.14685997596153852 0.5848858173076923 -0.012770432692307643 0.6168118990384615 0.05273437499999998 0.9443359375
4 0.23304943292175362 0.637193482935627 0.1824979623335183 0.44877436528856823 0.10557496878468368 0.46941224160654826 0.15612643937291898 0.657831359253607
4 0.3393634236811482 0.5972638067300233 0.31240454082622193 0.4793186942397208 0.22935505963925523 0.49830143279674166 0.25631394249418155 0.6162465452870443
4 0.3001892719072165 0.38053116945876286 0.2926969233247423 0.21569950064432994 0.17858609858247423 0.22088635631443304 0.18607844716494845 0.385718025128866
4 0.39265324519230765 0.21642127403846154 0.3845402644230769 0.20425180288461536 0.3590745192307693 0.22122896634615383 0.3671875 0.2333984375
4 0.4133438974056604 0.15046432783018868 0.35410524764150947 0.04383475825471694 0.3020341981132076 0.07276311910377356 0.36127284787735847 0.1793926886792453
4 0.27186839582028804 0.09289573712429557 0.2555958193096431 0.024050221117720715 0.17968750000000003 0.04199218749999999 0.19596007651064498 0.11083770350657485
4 0.4421875 0.5580078125 0.4329733455882353 0.4382238051470589 0.38278952205882355 0.4420840992647059 0.3920036764705882 0.561868106617647
4 0.5053537436548223 0.30835084866751267 0.49698108343908637 0.1911336056472081 0.44701280932741116 0.1947027680837563 0.4553854695431472 0.31192001110406087
4 0.5361902573529412 0.5964499080882353 0.5245174632352941 0.4447035845588235 0.47657398897058834 0.44839154411764703 0.48824678308823544 0.6001378676470589
4 0.560546875 0.4208984375 0.5562083949704142 0.35799047707100584 0.5324796597633135 0.35962694156804725 0.5368181397928993 0.4225349019970414
4 0.49609375 0.6328125 0.4140625 0.6328125 0.4140625000000001 0.7255859375 0.4960937500000001 0.7255859375
4 0.5661410550458716 0.6040639334862385 0.525835005733945 0.5970541857798166 0.5064184346330276 0.7086994696100919 0.5467244839449543 0.7157092173165138
4 0.46304086538461553 0.7912409855769231 0.3939302884615386 0.7774188701923077 0.375525841346154 0.8694411057692308 0.44463641826923095 0.8832632211538461
4 0.5321150463907015 0.8691438111745514 0.528637336867863 0.747423977875204 0.4728235241639478 0.749018658238173 0.47630123368678634 0.8707384915375203
4 0.5999158653846153 0.48305588942307687 0.5972265625 0.43464843749999993 0.5795943509615384 0.43562800480769226 0.5822836538461538 0.4840354567307692
4 0.6796875 0.5107421875 0.6751219463832487 0.4468244368654822 0.6626298778553299 0.44771672747461927 0.6671954314720812 0.5116344781091371
4 0.6946106782574393 0.6781323968665465 0.6881489869815149 0.5768992335437331 0.6631097131424708 0.5784974850653744 0.669571404418395 0.6797306483881875
4 0.7563344594594594 0.966717694256757 0.7195682010135135 0.7461201435810811 0.6201171875 0.7626953125000001 0.6568834459459459 0.9832928631756758
4 0.6155640354046243 0.8023381051300579 0.5814498283959539 0.7965137283236995 0.5594958002167632 0.9251016076589597 0.5936100072254337 0.930925984465318
4 0.7353464850519931 0.6375734537478335 0.732047836330156 0.5584058844237434 0.714012741009532 0.5591573467287695 0.7173113897313691 0.6383249160528596
4 0.751953125 0.5126953125 0.7470703125 0.4804687499999999 0.740300998653501 0.48149440361310586 0.745183811153501 0.5137209661131059
4 0.7578124999999999 0.4658203125000001 0.7567992788461538 0.4080667067307693 0.7490234375 0.408203125 0.7500366586538461 0.46595673076923083
4 0.7877460290055248 0.6470832613950277 0.7763671875 0.646484375 0.7737774084944751 0.6956901761049724 0.7851562499999999 0.6962890625000001
4 0.822265625 0.5947265625000001 0.8212890625 0.5839843750000001 0.8123078893442625 0.5848008452868854 0.8132844518442625 0.5955430327868854
4 0.81640625 0.5732421875 0.8095703125 0.52734375 0.8015208079605844 0.5285426123782108 0.8083567454605844 0.5744410498782109
