4 0.9859263353475652 0.5198696354534229 0.8966587365472829 0.49259342470889217 0.8338279320306986 0.6982215122177134 0.923095530830981 0.7254977229622442
4 0.8213684347786648 0.5598934710631351 0.7669961561139333 0.5367349079281569 0.6877667475507983 0.7227517802068216 0.7421390262155299 0.7459103433418
4 0.80859375 0.7382812500000002 0.7558593750000002 0.7382812500000002 0.7558593750000002 0.8681640625 0.80859375 0.8681640625
4 0.6641267123287672 0.7726803296232878 0.6239619006849316 0.7711927440068496 0.6217171446917809 0.8318011558219178 0.6618819563356164 0.8332887414383562
4 0.6002164273648651 0.596943623310811 0.577729096283784 0.5931957347972974 0.5636085304054055 0.6779191300675678 0.5860958614864866 0.6816670185810813
4 0.7489085477941176 0.45846737132352944 0.7052504595588236 0.4475528492647059 0.6792853860294119 0.551413143382353 0.7229434742647058 0.5623276654411765
4 0.9108833042843092 0.3473536308869475 0.8604898768369591 0.3355426713289748 0.8096424077181208 0.5524918729026846 0.8600358351654709 0.5643028324606574
4 0.521708850073674 0.47772324717583503 0.505416180623772 0.4740203677554028 0.4882927615422396 0.5493634117141454 0.5045854309921415 0.5530662911345776
4 0.5931640625000001 0.39726562500000007 0.5755859375 0.39140625000000007 0.556640625 0.44824218750000017 0.5742187500000001 0.45410156250000017
4 0.6798437500000001 0.3133593750000001 0.657515243902439 0.3075971798780489 0.637827743902439 0.38388624237804886 0.6601562500000001 0.3896484375000001
4 0.7447126941568047 0.27147859652366874 0.7298735669378698 0.2652956268491125 0.6959250184911242 0.34677214312130183 0.7107641457100591 0.35295511279585806
4 0.8276079963235293 0.2882008272058824 0.8050896139705882 0.28257123161764713 0.7915900735294118 0.3365693933823531 0.8141084558823529 0.3421989889705883
4 0.49610066371681427 0.7317443307522125 0.47566717367256645 0.7264138550884957 0.46159430309734517 0.7803598589601771 0.482027793141593 0.7856903346238939
4 0.4970703125 0.30468750000000006 0.48858030415430276 0.3030490773367953 0.47783811665430276 0.35871313983679537 0.486328125 0.3603515625000001
