4 0.5849005315721649 0.8831648679123711 0.37129711662371145 0.8734556217783505 0.3669519168814434 0.9690500161082474 0.580555331829897 0.9787592622422681
4 0.7149345678798783 0.8641648322896487 0.7143353320474676 0.8132297865347358 0.5133980699038195 0.815593754324661 0.5139973057362303 0.8665288000795739
4 0.5177388308325683 0.7618543525504935 0.3127373604974754 0.7587482696666284 0.3120035377696811 0.8071805697010559 0.5170050081047741 0.810286652584921
4 0.3252092855723371 0.8167198678457869 0.24486411963434032 0.8102922545707472 0.24330845091414952 0.8297381135731321 0.32365361685214633 0.8361657268481718
4 0.5911673144035533 0.6894779108502538 0.48776074714467016 0.6820917274746192 0.4845534581218275 0.7269937737944162 0.5879600253807107 0.7343799571700508
4 0.7756188148539586 0.7743329950518832 0.7751639363950809 0.7511341936491162 0.7185450795061492 0.752244367313605 0.7189999579650269 0.7754431687163721
4 0.7745724239864864 0.6825907939189189 0.7742166385135134 0.6672920185810811 0.6874630489864865 0.669309543918919 0.6878188344594595 0.6846083192567567
4 0.718946339109724 0.6336337877792378 0.7184202016261498 0.6131144259198423 0.6738281250000001 0.6142578125000001 0.6743542624835743 0.6347771743593956
4 0.6194158275118906 0.5649942404875149 0.6190024431480381 0.5480454815695601 0.5583963473543402 0.549523679027943 0.5588097317181927 0.5664724379458977
4 0.650390625 0.6044921875000001 0.6494025735294118 0.591647518382353 0.6093750000000001 0.5947265625 0.6103630514705883 0.6075712316176471
4 0.42398859797297295 0.6152987753378378 0.42353990709459455 0.5960050675675677 0.3376034628378378 0.598003589527027 0.3380521537162162 0.6172972972972973
4 0.2949218750000001 0.505859375 0.2656250000000001 0.505859375 0.2656250000000001 0.5263671875 0.2949218750000001 0.5263671875
4 0.5253906250000001 0.5126953125000001 0.5251786254030092 0.49976333708355736 0.451171875 0.5009765625000001 0.45138387459699086 0.5139085379164429
4 0.6875000000000001 0.4580078125 0.6873266057359724 0.4491647050345889 0.6327749687740201 0.45023434497501935 0.6329483630380477 0.45907745244043047
4 0.671875 0.5302734375 0.6328125000000001 0.5283203125 0.6324715554862844 0.5351392027743141 0.6715340554862843 0.5370923277743141
