4 0.9906644208715598 0.4565116112385323 0.892990252293578 0.4395247993119268 0.8563861811926607 0.649998208142202 0.9540603497706422 0.6669850200688077
4 0.8811243217363552 0.3034310290655922 0.8282063542331632 0.3000817906160231 0.8142654803702524 0.520347597650016 0.8671834478734443 0.5236968360995852
4 0.817717199659533 0.42336074294747095 0.7654312074416343 0.4200928684338523 0.747435098492218 0.7080306116245138 0.7997210907101168 0.7112984861381324
4 0.5146484375000002 0.4746093750000001 0.4972991041442773 0.4743249596990866 0.49603182932563145 0.5516287236364859 0.5133811626813543 0.5519131389373994
4 0.5724343565088759 0.3872018306213018 0.557553624260355 0.38617557322485213 0.5534786427514793 0.44526280510355026 0.5683593750000001 0.4462890625
4 0.6171875 0.3535156250000001 0.599609375 0.3535156250000001 0.599609375 0.3994140625000001 0.6171875 0.3994140625000001
4 0.4728347757503412 0.3091133398703957 0.46506490876534806 0.3085377941678036 0.4609375000000001 0.3642578125000001 0.46870736698499327 0.36483335820259216
4 0.562058540239726 0.32441941352739734 0.5449352525684932 0.317998180650685 0.5273972602739726 0.36476616010273977 0.5445205479452054 0.37118739297945214
4 0.6686251280737705 0.3831967213114754 0.6600441854508197 0.2888063524590164 0.6258805071721312 0.29191214139344257 0.6344614497950819 0.38630251024590156
4 0.7122596153846155 0.241571514423077 0.6950721153846153 0.236884014423077 0.6722205528846154 0.320673076923077 0.6894080528846154 0.325360576923077
4 0.7956889540615141 0.24653736198738177 0.7721990832018927 0.2437185774842272 0.7653046135646686 0.30117249112776034 0.78879448442429 0.3039912756309149
4 0.7377578988259669 0.4249827348066299 0.6946003107734806 0.4227112828038675 0.6891132165055248 0.5269660738950277 0.7322708045580111 0.5292375258977902
4 0.5273437500000001 0.66796875 0.4921875 0.66796875 0.4921875000000001 0.7880859375 0.5273437500000002 0.7880859375
4 0.6124429086538463 0.5785667067307694 0.5932962740384615 0.5775030048076923 0.5881881009615384 0.6694501201923078 0.6073347355769231 0.6705138221153847
4 0.8517443426724137 0.7970366379310345 0.8457502693965516 0.6951373922413793 0.7942281788793103 0.6981681034482758 0.8002222521551724 0.8000673491379311
