4 0.5586087740384617 0.8875751201923077 0.3444260817307694 0.8608022836538461 0.3323768028846156 0.9571965144230768 0.5465594951923078 0.9839693509615384
4 0.7006852195477247 0.8261231010682575 0.4870553985155384 0.8190021070338513 0.48525293077136533 0.8730761393590456 0.6988827518035516 0.8801971333934517
4 0.7539062500000001 0.7919921875000001 0.753432912588968 0.7669053047153025 0.6990227424377224 0.7679319116992882 0.6994960798487544 0.7930187944839858
4 0.5777432979060915 0.6918672668147208 0.4722547192258884 0.6843323683375634 0.4690176871827412 0.7296508169416245 0.5745062658629443 0.7371857154187819
4 0.49465653558462697 0.7620542141337004 0.2942817546632449 0.7461514537431146 0.290428318258638 0.7947047524411618 0.49080309918002 0.8106075128317476
4 0.3007812500000001 0.794921875 0.19921875000000008 0.794921875 0.19921875000000008 0.8486328125 0.3007812500000001 0.8486328125
4 0.7609409568584071 0.6845184596238938 0.6742170215707965 0.6787368639380531 0.6730330475663717 0.6964964740044249 0.7597569828539823 0.7022780696902655
4 0.7119074789325844 0.6294636587078652 0.6181706460674159 0.6205363412921349 0.6135358146067417 0.6692020716292136 0.7072726474719102 0.6781293890449439
4 0.6153066614768683 0.5712139957740214 0.6150286365658363 0.556478675489324 0.5546138233985766 0.5576185776245552 0.5548918483096086 0.5723538979092526
4 0.41796875 0.587890625 0.3300781250000001 0.587890625 0.3300781250000001 0.6103515625 0.41796875 0.6103515625
4 0.2675781250000001 0.505859375 0.21289062500000008 0.505859375 0.21289062500000008 0.5244140625 0.2675781250000001 0.5244140625
4 0.5257429778240914 0.5021682687804421 0.44921875 0.4990234374999999 0.44861942089733986 0.5136071123313977 0.5251436487214314 0.5167519436118397
4 0.6925341652270485 0.4716546227171767 0.6921996467793683 0.45660129257156956 0.6346759701999013 0.4578795964955577 0.6350104886475815 0.4729329266411648
4 0.5802610510289796 0.44929216650042003 0.5078125000000002 0.4482421875 0.5076295739710208 0.4608640834995801 0.5800781250000002 0.4619140625000001
