4 0.05468750000000007 0.5859375 0.001953125000000072 0.5859375 0.001953125000000079 0.6982421875 0.054687500000000076 0.6982421875
4 0.2035673797318613 0.6658609769321768 0.0789894272476342 0.621200956230284 0.02723531151419567 0.7655677001182968 0.15181326399842274 0.8102277208201893
4 0.12582116788321168 0.4416871008211679 0.0554544936131387 0.3858790488138687 0.017254505018248167 0.43404425182481754 0.08762117928832117 0.48985230383211686
4 0.23500214121825502 0.47429359441790303 0.10579582599949715 0.4404034133769173 0.06403224792557208 0.5996270547837567 0.19323856314432994 0.6335172358247424
4 0.3266962756849316 0.4032213184931507 0.2049978595890412 0.3904109589041096 0.1976937071917809 0.4598004066780822 0.3193921232876713 0.47261076626712334
4 0.3597265625 0.24460937500000007 0.2467890625 0.166421875 0.19735937499999998 0.23782031249999996 0.310296875 0.31600781250000004
4 0.3261633667110358 0.05380169258228464 0.22354962034123912 0.044181653860116195 0.21583543834704746 0.12646626179816073 0.31844918471684414 0.13608630052032916
4 0.576171875 5.4236066739582486e-17 0.3046875 3.7612443196469e-17 0.3046875 0.13574218750000006 0.576171875 0.13574218750000006
4 0.427734375 0.23535156250000006 0.35546875 0.16308593750000006 0.31640625000000006 0.20214843750000006 0.38867187500000006 0.27441406250000006
4 0.5102097432324841 0.31907593550955415 0.43780354299363056 0.2516632663216561 0.35030478702229295 0.3456434116242038 0.42271098726114653 0.4130560808121019
4 0.4804468192701453 0.43940797349735805 0.38988580539960366 0.40805993023447823 0.37319006976552177 0.45629205539960377 0.4637510836360634 0.48764009866248353
4 0.5677339360955056 0.515405547752809 0.4644597085674157 0.4915730337078652 0.41669592696629215 0.6985494206460673 0.5199701544943821 0.7223819346910111
4 0.28663405696902655 0.5250967920353982 0.28467228982300885 0.4956702848451326 0.24915306969026546 0.4980382328539822 0.25111483683628316 0.5274647400442477
4 0.2714843750000001 0.615234375 0.22265625000000008 0.615234375 0.22265625000000008 0.6513671875 0.2714843750000001 0.6513671875
4 0.36390596852481993 0.7263365379803843 0.2536177379403523 0.6746389298939152 0.22765165257205763 0.730033245346277 0.33793988315652523 0.7817308534327463
4 0.5947265625000001 0.8320312500000003 0.4570312499999999 0.6943359375000001 0.3525390625 0.798828125 0.49023437500000017 0.9365234375000002
4 0.6665622249811415 0.8276454358656024 0.6118437853595676 0.7956671269958513 0.494140625 0.9970703125 0.5488590646215739 1.0290486213697512
4 0.7376665609137056 0.7306521652918782 0.7240393004441625 0.5398705187182741 0.5977306075507615 0.5488925682106599 0.6113578680203047 0.7396742147842639
4 0.694696514423077 0.32875600961538476 0.5816556490384616 0.29792668269230776 0.5540715144230769 0.3990685096153847 0.6671123798076923 0.4298978365384617
4 0.5846384030963302 0.4268563646788991 0.5439363532110091 0.3512668434633028 0.47382095756880743 0.3890212872706422 0.5145230074541285 0.46461080848623854
4 0.6392246762846657 0.5379027324632952 0.6365626274469822 0.4447310231443719 0.5882761521207178 0.4461106367251223 0.5909382009584013 0.5392823460440457
4 0.6474863229442971 0.2635024660145889 0.6155446991047746 0.1415435386273209 0.4900825804045093 0.17440266495358087 0.5220242042440318 0.2963615923408488
4 0.8019520459254142 0.031465814917127195 0.6579225656077348 0.023885315953038756 0.6430637085635359 0.30620359979281775 0.7870931888812154 0.31378409875690616
4 0.6494855182926829 0.014981897865853733 0.576171875 0.006835937500000078 0.5709794207317074 0.053568025914634235 0.6442930640243902 0.06171398628048789
4 1 0.11328125000000011 0.80078125 0.11328125000000008 0.80078125 0.3642578125000001 1 0.3642578125000001
4 0.8719669117647058 0.43517922794117636 0.7810087316176471 0.3572150735294117 0.7427504595588235 0.4018497242647058 0.8337086397058823 0.47981387867647046
4 0.8370927167027198 0.6788823489647714 0.746375009656984 0.6626827584208901 0.7324568815667492 0.7406242757262053 0.8231745886124848 0.7568238662700867
4 0.8145414692848412 0.6289683297677263 0.7550122249388752 0.5986815212408315 0.7310680585268947 0.6457441931540344 0.7905973028728607 0.6760310016809292
4 0.9035560344827587 0.6563510237068966 0.8549973060344829 0.6355401400862071 0.8397427262931035 0.6711341594827588 0.8883014547413793 0.6919450431034484
4 0.954978946269488 0.8621050250556793 0.607091279231626 0.8176938335189311 0.5875269696547886 0.9709475918708244 0.9354146366926506 1.0153587834075728
4 0.9876562499999999 0.7016796875000001 0.98125 0.6568359375 0.92109375 0.6654296875 0.9274999999999999 0.7102734375
