4 1 0.1318359375000001 0.7421875 0.13183593750000008 0.7421875 0.45605468750000017 1 0.45605468750000017
4 1.0073810049247354 0.07834100161447696 0.7723774551082512 0.04037099574893149 0.7457448661958743 0.20520512712553435 0.9807484160123583 0.24317513299107985
4 0.9961641064727956 0.552285852485929 0.849908390009381 0.5293437793151972 0.8066450222795499 0.8051477485928707 0.9529007387429645 0.8280898217636026
4 0.955078125 0.7597656250000002 0.853515625 0.7597656250000002 0.853515625 0.8212890625 0.955078125 0.8212890625
4 0.7161748606687898 0.26676328622611467 0.6557523885350317 0.15598875398089174 0.6030677746815286 0.1847258160828026 0.6634902468152865 0.2955003483280255
4 0.42200696790540543 0.12713788006756763 0.35106102195945954 0.11531355574324328 0.33583192567567577 0.206688133445946 0.40677787162162166 0.21851245777027034
4 0.4611959626534789 0.06975294167803552 0.43162730218281037 0.06756267053206007 0.42728939290586626 0.12612444577080498 0.45685805337653485 0.12831471691678042
4 0.575253994272659 0.010979359664496813 0.5092634068289934 0.005742011454682084 0.5043219125563344 0.06800483929018533 0.5703125 0.07324218750000007
4 0.47174240252293587 0.042852279243119275 0.45709396502293587 -0.005975845756880727 0.42233192373853223 0.0044527666284403635 0.43698036123853223 0.053280891628440366
4 0.5297475961538463 0.04559795673076923 0.5290538390837105 0.031029058257918556 0.5015863617081447 0.03233703337104073 0.5022801187782806 0.046905931843891406
4 0.2541965793918919 0.10860958614864868 0.20510451858108109 0.10042757601351356 0.1970016891891892 0.1490445523648649 0.24609375 0.15722656250000006
4 0.2565493413014022 0.08312043617192874 0.11059822350309703 -0.041471981460770815 0.03271181929628354 0.04976637775292499 0.17866293709458875 0.17435879538562454
4 0.18320329646400088 0.2000901742291991 0.14534971156378032 0.12458197105730565 0.08662521041227939 0.15402159214060654 0.12447879531249997 0.2295297953125
4 0.16753584085051548 0.3107884987113403 0.14518564755154642 0.25267799613402064 -0.00506403028350515 0.3104663337628866 0.01728616301546393 0.36857683634020627
4 0.0790414663461539 0.36473858173076923 0.017503004807692363 0.35704627403846156 0.0019531250000000555 0.4814453125 0.06349158653846158 0.48913762019230766
4 0.2707306829048024 0.5451945488472163 0.245606506321717 0.3729144808489163 0.130859375 0.3896484375000001 0.1559835515830854 0.5619285054983
4 0.27563224871134023 0.26909834085051554 0.2249335534793815 0.21357119845360834 0.1321258859536083 0.29830863402061863 0.18282458118556705 0.35383577641752584
4 0.5233590898722629 0.28518476277372284 0.34907476049270075 0.2038520757299272 0.29558479698905116 0.31847342609489065 0.4698691263686133 0.3998061131386863
4 0.4728091863784666 0.23093871074632952 0.47082579272022834 0.16151993270799347 0.4180786730220228 0.16302699327079934 0.420062066680261 0.2324457713091354
4 0.4983449289319874 0.533794043902763 0.4972193394659937 0.4246118657013815 0.2886397034404889 0.42676217122741766 0.2897652929064825 0.5359443494287992
4 0.2611820734286866 0.6891517362510073 0.24755583954472202 0.5699221897663176 0.18553113668412569 0.5770107272361 0.19915737056809024 0.6962402737207898
4 0.2662109375 0.8722656250000002 0.25841190732758623 0.7396821120689656 0.1029296875 0.7488281250000001 0.11072871767241381 0.8814116379310347
4 0.285299161585366 0.8961747332317074 0.16332412347560984 0.8826219512195121 0.15536871189024398 0.954220655487805 0.2773437500000001 0.9677734375000002
4 0.4494716503691727 0.7621346888729559 0.28740184319319023 0.7596023481358312 0.2853071321241153 0.893663856556627 0.4473769393000978 0.8961961972937518
4 0.47985983455882375 0.8897518382352942 0.4148897058823531 0.8847541360294118 0.40847886029411773 0.9680951286764709 0.4734489889705884 0.9730928308823532
4 0.32481971153846156 0.7264873798076923 0.3190354567307693 0.6802133413461539 0.28369891826923077 0.6846304086538462 0.28948317307692306 0.7309044471153846
4 0.54515625 0.6926953125000002 0.4751562500000001 0.6826953125000002 0.4576953125000001 0.8049218750000001 0.5276953125 0.8149218750000001
4 0.5579165125739645 0.6308050573224852 0.5513174926035502 0.5351192677514792 0.5013128698224852 0.5385678624260354 0.5079118897928994 0.6342536519970414
4 0.716015625 0.6470703124999999 0.6830078125 0.548046875 0.5658203124999999 0.587109375 0.5988281249999998 0.6861328124999999
4 0.7213535271365423 0.3715522930992142 0.6222468228143418 0.349028042116896 0.5957990545186641 0.4653982226178782 0.6949057588408645 0.48792247360019647
4 0.5928824056854409 0.38493789851222104 0.5000062267534537 0.3529116299149841 0.4833600391870351 0.40118557385759834 0.5762362181190224 0.43321184245483535
4 0.636799366791745 0.4541510318949344 0.559344951923077 0.44741586538461553 0.5524448874296436 0.5267666070590995 0.6298993022983115 0.5335017735694185
4 0.873046875 0.4794921875000001 0.762890625 0.4244140625000001 0.7044921875 0.5412109375 0.8146484375 0.5962890625
4 1 0.48437500000000017 0.955078125 0.48437500000000017 0.955078125 0.5615234375000002 1 0.5615234375000002
4 0.7685546875 0.7968750000000002 0.677734375 0.7060546875000002 0.6113281250000001 0.7724609375000002 0.7021484375000001 0.8632812500000002
4 0.7841476690573769 0.7301165471311476 0.7298700051229507 0.642437243852459 0.6815253586065573 0.6723648821721312 0.7358030225409834 0.7600441854508198
4 0.8748760707487311 0.7839615720177667 0.7913180123730965 0.7779931392766499 0.783703799175127 0.8845921240482234 0.8672618575507615 0.8905605567893403
4 0.5937500000000002 0.7783203125000002 0.5392246624724468 0.7665599455822927 0.5324131210966202 0.7981407283247615 0.5869384586241736 0.809901095242469
4 0.57421875 0.658203125 0.548828125 0.658203125 0.548828125 0.6865234375 0.57421875 0.6865234375
4 0.44824218750000017 0.7167968750000002 0.4287109375 0.697265625 0.4013671875 0.724609375 0.42089843750000017 0.7441406250000002
