4 0.22281967326915958 0.2994662711727138 0.19274183751388377 0.1460693088208071 0.06436707469455757 0.1712408309422436 0.09444491044983339 0.3246377932941503
4 0.07421875000000003 0.23046875 0.0019531250000000356 0.23046875 0.001953125000000043 0.3525390625 0.07421875000000004 0.3525390625
4 0.2310880335365854 0.4928782393292684 0.2131049923780488 0.33103086890243905 0.0810546875 0.34570312500000006 0.0990377286585366 0.5075504954268293
4 0.10937500000000004 0.48046875 0.031250000000000056 0.48046875 0.03125000000000006 0.5498046875 0.10937500000000007 0.5498046875
4 0.39304244523195875 0.2616599548969073 0.3759262242268041 0.2013027545103093 0.2608509181701031 0.23393605025773198 0.2779671391752577 0.29429325064433
4 0.2985753676470588 0.34293428308823526 0.2772633272058823 0.3094439338235294 0.240234375 0.33300781250000006 0.26154641544117646 0.3664981617647059
4 0.24414062500000008 0.578125 0.21289062500000008 0.578125 0.21289062500000008 0.634765625 0.24414062500000008 0.634765625
4 0.3183593750000001 0.50390625 0.19726562500000006 0.50390625 0.19726562500000006 0.5712890625 0.3183593750000001 0.5712890625
4 0.2932513786764706 0.4566038602941177 0.26074218750000006 0.443359375 0.2507835477941177 0.4678033088235295 0.28329273897058826 0.4810477941176471
4 0.32964006085886216 0.7266650711159739 0.28099784600656463 0.6551324022155363 0.17110785352844643 0.7298575971006566 0.21975006838074398 0.8013902660010942
4 0.2763671875000001 0.8369140625 0.1766590162937744 0.8306823017996108 0.17114162816147868 0.9189605119163422 0.27084979936770437 0.9251922726167315
4 0.5278011006722504 0.9987828806893321 0.5270882552485122 0.8469468054331056 0.24562438870674458 0.8482682320365882 0.24633723413048275 1.0001043072928146
4 0.39670460867952523 0.7603741654302671 0.37059822422106825 0.7139628152818992 0.2809747079005935 0.7643760432121662 0.30708109235905046 0.8107873933605342
4 0.49447121230544744 0.6665856031128405 0.4093164822470817 0.5700769090466927 0.3323808365758756 0.6379613022859922 0.4175355666342412 0.7344699963521402
4 0.55859375 0.2871093750000001 0.451171875 0.2871093750000001 0.451171875 0.4970703125 0.55859375 0.4970703125
4 0.47083261395027626 0.5678899775552486 0.468107950621547 0.5161213743093923 0.3748219526933702 0.5210311636740332 0.3775466160220995 0.5727997669198895
4 0.5878187085451276 0.2280691134081329 0.555264042353707 0.13265026422638235 0.3930355330244235 0.18799881446813785 0.4255901992158443 0.2834176636498884
4 0.7500452716563741 0.20090247559956867 0.5970754014307165 -0.024790775553041166 0.5205679544084678 0.02706427187314957 0.6735378246341256 0.2527575230257594
4 0.75390625 0.2890625000000001 0.62109375 0.2890625000000001 0.62109375 0.4736328125 0.75390625 0.4736328125000001
4 0.6474496607967668 0.47662790487875295 0.5963030456120093 0.4678095229503465 0.5797601219688222 0.5637584800808316 0.6309067371535797 0.5725768620092381
4 0.5782917301829269 0.5815072408536585 0.5083222179878049 0.536232850609756 0.461842606707317 0.6080649771341463 0.5318121189024391 0.6533393673780488
4 0.6922860922523962 0.6469492561900959 0.6190158246805113 0.5675731329872205 0.5342857677715654 0.6457854932108626 0.6075560353434504 0.7251616164137381
4 1.0097442208904108 0.988679901541096 0.9985364940068493 0.6860712756849315 0.601728381849315 0.7007678724315068 0.6129361087328766 1.0033764982876714
4 0.7480468750000001 0.9990234374999998 0.7412905052566054 0.711877723405727 0.604945953364919 0.7150858305090607 0.6117023231083136 1.0022315446033336
4 0.6183293269230771 0.7493689903846155 0.49440504807692315 0.7056310096153846 0.45286658653846157 0.8233233173076924 0.5767908653846157 0.8670612980769231
4 0.590171889789399 0.9988681488109323 0.5894314955040227 0.9507425202614768 0.5158611682146238 0.9518743714505444 0.5166015625 1
4 0.864457791168942 0.5998626813139933 0.8274617374146758 0.5530010132252562 0.7287989281143346 0.6308927047781572 0.7657949818686007 0.6777543728668942
4 0.85546875 0.2871093750000001 0.763671875 0.2871093750000001 0.763671875 0.3652343750000001 0.85546875 0.3652343750000001
4 0.9193960336538461 0.3616286057692309 0.8544921875 0.3535156250000001 0.84921875 0.3957031250000001 0.9141225961538462 0.4038161057692308
4 0.8288395579268293 0.42342320884146345 0.8235518292682927 0.37583365091463417 0.755811737804878 0.38336032774390244 0.7610994664634145 0.4309498856707317
4 0.99609375 0.3681640625000002 0.9716796875 0.3437500000000001 0.9365234375 0.3789062500000001 0.9609375 0.40332031250000017
4 0.9614533104599406 0.3253633855712167 0.9546173729599406 0.3009493230712168 0.9482421874999998 0.3027343750000002 0.9550781249999998 0.3271484375000001
4 0.923828125 0.3105468750000001 0.904296875 0.3105468750000001 0.904296875 0.3417968750000001 0.923828125 0.3417968750000001
4 1 1.1080422455176004e-16 0.71875 9.358262893875038e-17 0.71875 0.13574218750000008 1 0.1357421875000001
4 0.849609375 0.14648437500000008 0.80078125 0.14648437500000008 0.80078125 0.19628906250000008 0.849609375 0.19628906250000008
4 0.8998335040983607 0.14543417008196732 0.8762102971311474 0.139875768442623 0.8670017930327868 0.1790119108606558 0.890625 0.1845703125000001
4 0.9657880590596332 0.1981543864678899 0.9637202551605506 0.12991685779816514 0.9157056336009177 0.13137184633027524 0.9177734375000002 0.19960937499999998
