4 0.6895759686085973 0.45792208710407245 0.6893886100113121 0.44911623303167414 0.6327736142533936 0.45032080740950214 0.6329609728506788 0.45912666148190046
4 0.5253906250000001 0.5126953125000001 0.5251786254030092 0.49976333708355736 0.451171875 0.5009765625000001 0.45138387459699086 0.5139085379164429
4 0.5714123430270985 0.4501398039904164 0.5712871261566425 0.4432528761153338 0.5117187500000001 0.4443359375 0.5118439668704562 0.4512228653750826
4 0.27351181182744044 0.541875840699462 0.2731462576863951 0.5232325795061492 0.21476643567448117 0.5243772818985397 0.21513198981552648 0.5430205430918525
4 0.2949218750000001 0.505859375 0.2685546875000001 0.505859375 0.2685546875000001 0.5263671875 0.2949218750000001 0.5263671875
4 0.4221374293995243 0.6152517928804995 0.42166714662604043 0.5959701991676576 0.33963705781807374 0.5979709330410226 0.34010734059155767 0.6172525267538644
4 0.5138905201342283 0.7638391359060402 0.3130626048657719 0.7572546140939597 0.3115546350671142 0.8032476929530203 0.5123825503355705 0.8098322147651007
4 0.3771180356117174 0.7314094135913268 0.37685608576249285 0.7159543724870764 0.31036962413842617 0.7170812616671454 0.31063157398765073 0.7325363027713958
4 0.5911673144035533 0.6894779108502538 0.48776074714467016 0.6820917274746192 0.4845534581218275 0.7269937737944162 0.5879600253807107 0.7343799571700508
4 0.7225479733090185 0.6361706316312997 0.7127984084880636 0.6023339066644562 0.6206109084880637 0.6288964066644562 0.6303604733090186 0.6627331316312997
4 0.7745531067860116 0.6825944200145712 0.7741977713884263 0.6651829855328891 0.6874195006765196 0.6669539706494587 0.687774836074105 0.6843654051311406
4 0.650390625 0.6044921875000001 0.6494025735294118 0.591647518382353 0.6093750000000001 0.5947265625 0.6103630514705883 0.6075712316176471
4 0.6193112980769231 0.5634393028846154 0.6190450721153847 0.5482644230769231 0.5584483173076923 0.5493275240384616 0.5587145432692308 0.5645024038461538
4 0.7756188148539586 0.7743329950518832 0.7751646870196004 0.7511724754996157 0.7185458301306688 0.7522826491641046 0.7189999579650269 0.7754431687163721
4 0.7167968750000002 0.814453125 0.5117187500000002 0.814453125 0.5117187500000002 0.865234375 0.7167968750000002 0.865234375
4 0.3296110324252652 0.8540006102338478 0.32206315543635483 0.805478543876567 0.22590894708293155 0.8204358651759884 0.23345682407184185 0.8689579315332692
4 0.585501519161257 0.8857214402294187 0.37154068078710545 0.8672765403695779 0.363132273070965 0.9648140698768073 0.5770931114451165 0.983258969736648
4 0.865234375 0.9990234375 0.865081306019728 0.9762161594394648 0.7186297440827402 0.9771990558283037 0.7187828130630123 1.0000063338888387
