4 0.9748229346885813 0.61651370566609 0.9692223994377164 0.40369336613321805 0.8767186148356403 0.4061276762543253 0.8823191500865052 0.6189480157871972
4 0.8612068965517243 0.5420999461206897 0.812890625 0.5392578125 0.7998383620689655 0.7611462823275862 0.8481546336206899 0.7639884159482759
4 0.9060546875 0.23398437500000008 0.857421875 0.21777343750000008 0.8140625 0.3478515625000001 0.8626953125 0.36406250000000007
4 0.8183548643187066 0.5291277244515011 0.8132990845398828 0.33953598274560315 0.7645837265722153 0.34083505895807426 0.7696395063510393 0.5304268006639723
4 0.7308231369372442 0.6063467236527966 0.7233383782401092 0.5053024812414734 0.6801005073328785 0.5085052864938608 0.6875852660300137 0.6095495289051841
4 0.6509433376391097 0.6376223420111289 0.6038230325914149 0.6338527176073132 0.5963986734896661 0.7266572063791734 0.643518978537361 0.730426830782989
4 0.636640625 0.35113281250000006 0.6139453125 0.34789062500000006 0.6001953124999999 0.44414062500000007 0.6228906249999999 0.44738281250000006
4 0.4633680115365112 0.4694809362322516 0.4470695201572008 0.4672584146805274 0.43292025862068967 0.5710196659482759 0.4492187500000001 0.5732421875
4 0.5184356558476395 0.4521953795600858 0.506294427306867 0.4511240946888412 0.49957752145922746 0.5272490276287554 0.51171875 0.5283203125
4 0.45051203547297297 0.6299355996621623 0.43942673141891897 0.6280880489864866 0.4301625844594595 0.6836729307432433 0.4412478885135135 0.6855204814189191
4 0.525390625 0.63671875 0.5126953125 0.63671875 0.5126953125 0.6728515625 0.525390625 0.6728515625
4 0.5576171875 0.5664062500000001 0.544009933863377 0.5652530929121506 0.539127121363377 0.6228702804121506 0.552734375 0.6240234375000001
4 0.6666780766752578 0.7044176868556702 0.6486388530927837 0.7026719555412373 0.640163901417526 0.7902464561855671 0.6582031250000001 0.7919921875000001
4 0.7560261051829269 0.7436166158536587 0.7320169588414636 0.7409489329268294 0.7259908536585367 0.7951838795731708 0.7500000000000001 0.7978515625000002
