4 0.5301783738938053 0.13919904590707965 0.5200152101769911 -0.013248409845132748 0.24325048396017696 0.005202571902654868 0.25341364767699115 0.15765002765486727
4 0.275390625 0.08007812500000003 0.171875 0.08007812500000003 0.171875 0.16503906250000003 0.275390625 0.16503906250000006
4 0.32953854102286767 0.27510332972805934 0.22039048014524099 0.19903043881334984 0.17069322659147093 0.2703351939122373 0.27984128746909764 0.34640808482694685
4 0.3959086722161572 0.24617051037117915 0.3147857532751092 0.18413533706331886 0.2809131072598253 0.2284303356986901 0.3620360262008734 0.2904655090065503
4 0.6185787671232876 0.24752514982876717 0.5749545162671232 0.13119381421232879 0.45359321489726023 0.17670430222602743 0.49721746575342457 0.2930356378424658
4 0.5907650353773585 0.047556751179245293 0.5886018573113208 -0.0021963443396226328 0.515625 0.0009765625 0.5177881780660377 0.05072965801886793
4 0.751953125 8.461304789030786e-17 0.607421875 7.576306125584456e-17 0.607421875 0.2861328125000001 0.751953125 0.2861328125000001
4 0.9043864809386835 0.29540034226623946 0.8312367440103408 0.06424717357267692 0.7307168019953394 0.09605728180527233 0.8038665389236819 0.32721045049883485
4 0.662109375 0.3007812500000001 0.546875 0.3007812500000001 0.546875 0.408203125 0.662109375 0.408203125
4 0.4970703125 0.3378906250000001 0.427734375 0.2685546875000001 0.3349609375 0.3613281250000001 0.4042968750000001 0.4306640625000001
4 0.566955943943299 0.4564292042525773 0.5628483408505155 0.36606193621134014 0.4817835856958763 0.3697466978092783 0.4858911887886598 0.4601139658505155
4 0.47437890034039343 0.4443196860816944 0.38189355616490167 0.42212320347957644 0.36982022976550677 0.47242873014372166 0.4623055739409986 0.4946252127458397
4 0.3183593750000001 0.42578125 0.19726562500000006 0.42578125 0.19726562500000006 0.4951171875 0.3183593750000001 0.4951171875
4 0.3188083923969072 0.49522994523195873 0.31559882409793816 0.4246194426546392 0.2713897390463918 0.4266289465206186 0.27459930734536087 0.4972394490979381
4 0.10937500000000004 0.44921875 0.027343750000000056 0.44921875 0.027343750000000062 0.5205078125 0.10937500000000004 0.5205078125
4 0.23727125993276288 0.5077098296149145 0.10327446897921769 0.48761031097188273 0.07894875076405876 0.6497817657396088 0.21294554171760396 0.6698812843826406
4 0.07421875000000008 0.646484375 0.001953125000000079 0.646484375 0.0019531250000000867 0.7685546875 0.07421875000000008 0.7685546875
4 0.22584189527082663 0.7005368038977611 0.09470919853062246 0.6738245878951268 0.06306979543957862 0.8291452939784328 0.1942024921797828 0.8558575099810671
4 0.3941406250000001 0.7404296875 0.2792968750000001 0.7021484375 0.25917968750000003 0.7625 0.37402343750000006 0.80078125
4 0.29784591763005774 0.6684937229046243 0.2748092033959537 0.6370800216763006 0.23992390715317918 0.6626625722543353 0.2629606213872832 0.694076273482659
4 0.561810878537736 0.5051076061320756 0.45594781839622645 0.5005048643867925 0.4467976120283019 0.7109596108490567 0.5526606721698115 0.7155623525943396
4 0.6473143403579678 0.5225872365762125 0.6308052468244805 0.4268344940819861 0.5799856560334873 0.43559649249422633 0.5964947495669746 0.5313492349884528
4 0.8659522804054054 0.39647381756756783 0.7648595861486486 0.3229518581081082 0.722925464527027 0.380611275337838 0.8240181587837838 0.45413323479729756
4 0.759698275862069 0.7052464978448277 0.7442551185344828 0.5199286099137931 0.6125202047413792 0.5309065193965518 0.6279633620689655 0.7162244073275863
4 0.6345274390243901 0.8171922637195121 0.4839939024390244 0.6967654344512194 0.39519817073170727 0.8077600990853657 0.5457317073170731 0.9281869283536585
4 0.85546875 0.6347656250000002 0.763671875 0.6347656250000002 0.763671875 0.7119140625000002 0.85546875 0.7119140625000002
4 0.7291015625000001 0.8162109375000002 0.6525390625000002 0.7779296875000001 0.5449218750000002 0.9931640625 0.6214843750000003 1.0314453125
4 0.8984375 0.6757812500000002 0.873046875 0.6757812500000002 0.873046875 0.7158203125000002 0.8984375 0.7158203125000002
4 0.91796875 0.6064453125000002 0.8597818396226415 0.5984588738207549 0.8533637971698115 0.6452188974056605 0.9115507075471699 0.6532053360849058
4 0.8627433894230769 0.8426893028846155 0.7229837740384617 0.8349248798076923 0.7181640625000002 0.9216796875 0.8579236778846153 0.9294441105769231
4 1 0.08007812500000012 0.8828125 0.08007812500000011 0.8828125 0.2958984375000001 1 0.2958984375000001
4 0.997310697115385 0.6367487980769232 0.9655498798076925 0.5959134615384615 0.9393179086538463 0.6163161057692308 0.9710787259615387 0.6571514423076924
4 0.8558714561855669 0.8300076514175257 0.836984536082474 0.7875120811855671 0.7939453124999999 0.8066406250000002 0.8128322326030928 0.8491361952319588
4 0.9702548668032787 0.8651863473360656 0.9642674180327869 0.7993244108606559 0.9052734375 0.8046875 0.9112608862704917 0.8705494364754098
4 1.0011886020151137 0.997733489452141 0.9998568364294712 0.9138322575566751 0.8550520505352646 0.9161307462216625 0.856383816120907 1.0000319781171285
