4 0.17585637019230768 0.23963341346153855 0.15618335640526787 0.16562540921505542 -0.015247352963184658 0.21119559778135294 0.004425660823855149 0.285203602027836
4 0.08688708563535912 0.3471436895718233 0.0859375 0.32910156250000006 0.035091505524861885 0.3317776674723757 0.036041091160220994 0.3498197945441989
4 0.4616526984711733 0.40589905628338563 0.382385107754651 0.24905041933367106 0.030830702304752246 0.4267176995072758 0.1100982930212746 0.5835663364569903
4 0.4028672680412371 0.5417908344072165 0.3710031411082474 0.4589441043814433 0.17808674291237112 0.5331427190721649 0.20995086984536085 0.6159894490979382
4 0.11515756671348314 0.723951018258427 0.1044921875 0.677734375 0.03245698735955058 0.6943578827247191 0.04312236657303372 0.7405745259831461
4 0.302599676724138 0.7320851293103449 0.2751212284482759 0.6633890086206897 0.08149245689655175 0.7408405172413793 0.10897090517241381 0.8095366379310345
4 0.30078125000000006 0.9990234375 0.2047502281021898 0.7349381272810219 0.03624686359489049 0.796212078010949 0.13227788549270075 1.0602973882299271
4 0.6305996775744723 0.42654820508236346 0.6179752617010259 0.38119382212961134 0.458440705760505 0.4256003480099625 0.47106512163395153 0.47095473096271456
4 0.6103154353323699 0.3873442015895955 0.5990302113439305 0.3212450325144509 0.4618327763728323 0.3446689848265897 0.47311800036127166 0.4107681539017342
4 0.45066920641596947 0.4419639812204439 0.4443608044970898 0.40653987813750464 0.32003931827482723 0.4286793208894144 0.3263477201937068 0.46410342397235366
4 0.726278286637931 0.49872306034482755 0.7149191810344828 0.4520245150862069 0.5464156788793103 0.4930118534482758 0.5577747844827585 0.5397103987068965
4 0.7670889856107206 0.42082463752196847 0.7601449225615113 0.38808834028998235 0.654063461115993 0.4105904684753954 0.6610075241652021 0.4433267657073815
4 0.958984375 0.29980468750000006 0.9501236819987774 0.24073340082518335 0.9161230707518335 0.24583349251222492 0.9249837637530561 0.3049047791870416
4 0.98046875 0.3740234375000001 0.9616458873056996 0.30249655926165814 0.8696415560233159 0.32670822538860117 0.8884644187176164 0.3982351036269431
4 0.9414062499999998 0.4228515625000001 0.8247547427234926 0.3691548369282745 0.7967994737525987 0.4298852488305614 0.9134509810291058 0.4835819744022869
4 0.8223710277145644 0.5006755933029908 0.8136873679291288 0.4759605616059819 0.7385085642880366 0.5023747358582575 0.7471922240734721 0.5270897675552665
4 0.5671425043752653 0.603744332042851 0.5603310120120917 0.5733196661540094 0.4451836451262198 0.599098927397115 0.45199513748939324 0.6295235932859568
4 0.5020105698529411 0.7492532169117647 0.4844324448529411 0.6789407169117647 0.3286420036764706 0.7178883272058825 0.34622012867647056 0.7882008272058822
4 0.4002351035688666 0.8664042884684362 0.37764106214132 0.8171081980810617 0.26183223861190824 0.8701872421987089 0.28442628003945486 0.9194833325860833
4 0.5373685280813532 0.9988907610420824 0.5368519932999274 0.9446546089923815 0.4203819027185743 0.9457638479502991 0.4208984375 1
4 0.6641019744068541 0.7416760489894553 0.6542024796792618 0.69500700241652 0.5341316317003515 0.7204765762302283 0.5440311264279438 0.7671456228031636
4 0.6668239480198018 0.6362527073019801 0.6605565439356434 0.6084970606435645 0.5772896039603961 0.6272992728960397 0.5835570080445545 0.6550549195544555
4 1.0082108455109335 0.5287088020395292 0.999167170416316 0.4960124382359126 0.9253204833368377 0.5164381176408748 0.934364158431455 0.5491344814444913
4 1.0052849264705883 0.480124080882353 0.9990234375 0.4550781249999999 0.9542164522058822 0.4662798713235293 0.9604779411764705 0.4913258272058824
4 0.9107373635841471 0.5860435139646756 0.9100014359563469 0.5426237839244687 0.790464801120046 0.544649828582711 0.7912007287478461 0.5880695586229179
4 0.7178485576923077 0.6722506009615385 0.7123647836538463 0.6448317307692308 0.6691706730769231 0.6534705528846155 0.6746544471153847 0.6808894230769231
4 0.805078125 0.6271484375 0.7945312499999999 0.5955078125 0.7072265624999999 0.6246093749999999 0.7177734374999999 0.65625
4 0.9508188329599256 0.6388951270290836 0.9426331453965169 0.6027817995434562 0.8226516924881638 0.6299775955360162 0.8308373800515726 0.6660909230216435
4 0.7056640625 0.86015625 0.6912109375 0.816796875 0.6185546875 0.841015625 0.6330078125 0.884375
4 0.8130500422297298 0.8434565033783784 0.8023722550675677 0.8097804054054055 0.716796875 0.8369140625 0.7274746621621621 0.8705901604729729
4 0.7758413461538463 0.6731520432692308 0.7724609375000001 0.6562500000000001 0.7405348557692308 0.662635216346154 0.743915264423077 0.6795372596153847
