4 0.7044462138493659 0.9446537054399938 0.6863588143751934 0.8493934015426848 0.47355034990720696 0.8898000720112899 0.4916377493813796 0.9850603759085989
4 0.8125915310650889 0.7979678254437869 0.7996699334319527 0.7470890347633137 0.5921939718934912 0.7997813424556213 0.6051155695266273 0.8506601331360946
4 0.8379654028030995 0.6944445433568823 0.8301190747493162 0.6672841770168642 0.7746766750227894 0.6833008702711942 0.7825230030765724 0.7104612366112124
4 0.7593639445754715 0.582871462264151 0.7316258844339621 0.5423312205188682 0.649915241745283 0.5982385023584907 0.6776533018867923 0.6387787441037737
4 0.8154348938499618 0.6125531047696116 0.8138097688975627 0.5959768302551408 0.7254282594725819 0.604641684120335 0.727053384424981 0.6212179586348058
4 0.6460384302745664 0.704558796965318 0.6384596278901734 0.6601686687138729 0.5374593569364161 0.6774126174132948 0.5450381593208091 0.72180274566474
4 0.584475030388979 0.8100862920380877 0.5796935144854133 0.7543019398298216 0.3871350157009724 0.7708069540113451 0.39191653160453804 0.8265913062196111
4 0.41699703912349184 0.8757367536816891 0.4155831374201561 0.8507578235894252 0.334879152989709 0.855325973651526 0.3362930546930447 0.88030490374379
4 0.327973967486819 0.7809565163664323 0.319239825900703 0.739781277460457 0.2626592706502636 0.7517832134226714 0.2713934122363796 0.7929584523286468
4 0.4593117359737139 0.6316697728236292 0.45377475356840025 0.6131045965234598 0.370766389026286 0.6378614771763711 0.37630337143159975 0.6564266534765405
4 0.631126926369863 0.5289089255136987 0.6252407962328768 0.5159594392123289 0.59375 0.5302734375000001 0.5996361301369862 0.5432229238013699
4 0.6325497699873097 0.5329750951776651 0.62864550285533 0.5177129600253807 0.5698990720177666 0.532741116751269 0.5738033391497461 0.5480032519035534
4 0.6789436933290155 0.5637750971502591 0.6747186690414507 0.5477200048575132 0.6279954663212435 0.5600155845207255 0.6322204906088082 0.5760706768134716
4 0.6772836538461539 0.41473858173076916 0.6739032451923077 0.3978365384615385 0.6092998798076923 0.41075721153846156 0.6126802884615385 0.42765925480769224
4 0.5320871409283031 0.5088752837351284 0.5236209494364432 0.47305678126956796 0.4179479590638698 0.4980340335394489 0.4264141505557294 0.5338525360050094
4 0.5695379849137931 0.43797144396551724 0.554485452586207 0.40284886853448276 0.453125 0.4462890625 0.4681775323275863 0.48141163793103453
4 0.31359145220588236 0.5952435661764707 0.30413689650388454 0.5600038585599335 0.22659176435904552 0.5808086501109878 0.23604632006104329 0.616048357727525
