4 0.6678631756756757 0.9534681165540541 0.6515783361486487 0.8557590793918919 0.44159100506756754 0.8907569679054055 0.45787584459459457 0.9884660050675675
4 0.5157041379659644 0.8645300471029174 0.5109036289505673 0.8085241085899513 0.29967648399513774 0.8266292924432739 0.30447699301053477 0.8826352309562399
4 0.30112131447109075 0.7915828268725362 0.30049636580157696 0.7672098287614981 0.24389295540407363 0.76866119825887 0.24451790407358742 0.7930341963699081
4 0.5311580882352941 0.7302504595588235 0.5275735294117647 0.6836511948529411 0.4221277573529412 0.6917624080882352 0.42571231617647065 0.7383616727941177
4 0.7070312500000002 0.75 0.5097656250000002 0.75 0.5097656250000002 0.8017578125 0.7070312500000002 0.8017578125
4 0.8380956828222453 0.8471771049896051 0.8363394945426196 0.7927352683212059 0.696867691008316 0.7972343587577964 0.6986238792879418 0.8516761954261955
4 0.6701763829621149 0.6091505776436303 0.6697267251248958 0.5871173436199 0.5798008495524563 0.588952565570358 0.5802505073896753 0.6109857995940884
4 0.32710651828298887 0.696253353537361 0.3256595290143084 0.6781659876788553 0.23739628875198723 0.6852270468998409 0.23884327802066768 0.7033144127583466
4 0.3872538703186597 0.6702837549277268 0.3860591532522996 0.6236897893396848 0.29041890809789755 0.6261421033180027 0.29161362516425765 0.6727360689060448
4 0.5518735940808044 0.5106022847565279 0.5504435537226534 0.49544385696012705 0.47348257211538447 0.502704326923077 0.4749126124735355 0.5178627547194778
4 0.4456007991164242 0.5704607101091477 0.4451033816268192 0.555040767931393 0.38443062954781715 0.5569979534823286 0.3849280470374221 0.5724178956600833
4 0.7373046875 0.4921875000000001 0.7144531250000001 0.4845703125000001 0.7058593750000001 0.5103515625000001 0.7287109375 0.5179687500000001
4 0.3714650309504792 0.5473679612619808 0.3709595896565495 0.534731928913738 0.3298534844249201 0.5363761731230031 0.33035892571884984 0.5490122054712459
4 0.3657786420537011 0.4686266894956458 0.36464333499637164 0.45462456912191584 0.30611761837808416 0.4593698974963716 0.3072529254354136 0.4733720178701016
