4 0.1420626161710038 0.3317517135223049 0.04737598745353165 0.31940128368959114 0.019516728624535372 0.5329889347118959 0.11420335734200751 0.5453393645446096
4 0.212890625 0.19921875000000006 0.15625000000000006 0.19921875000000003 0.15625000000000006 0.4169921875 0.21289062500000006 0.4169921875
4 0.24301835221091084 0.4270134126321107 0.1956916503147343 0.41940733554165377 0.1635761919101648 0.6192368545034193 0.2109028938063413 0.6268429315938763
4 0.17730120668316837 0.6211285581683168 0.1337252475247525 0.5936068997524753 0.06306466584158424 0.7054861540841584 0.10664062500000009 0.7330078125
4 0.3261718750000001 0.365234375 0.2812500000000001 0.365234375 0.2812500000000001 0.4677734375 0.3261718750000001 0.4677734375
4 0.31054687500000006 0.17578125000000006 0.28500948338150295 0.17185242052023125 0.27638412210982666 0.2279172687861272 0.30192151372832376 0.231846098265896
4 0.38671875 0.19140625000000006 0.3671875 0.19140625000000006 0.3671875 0.2802734375000001 0.38671875 0.2802734375000001
4 0.42994290865384616 0.2580979567307693 0.4023587740384615 0.25656550480769236 0.3980228365384615 0.3346123798076923 0.4256069711538462 0.33614483173076926
4 0.4461783690176322 0.32603412311083124 0.4306616026448363 0.32113409162468515 0.41612385862720414 0.36717028101385396 0.431640625 0.37207031250000006
4 0.4792659344059406 0.37351871905940603 0.46342821782178223 0.3674853032178218 0.4421565594059406 0.4233234065594059 0.457994275990099 0.4293568224009901
4 0.5071414758663368 0.4729772586633665 0.49119546720297036 0.46937654702970305 0.4742883663366337 0.5442508508663366 0.49023437500000017 0.5478515625
4 0.262469951923077 0.5733924278846153 0.24594350961538466 0.5700871394230769 0.23309795673076925 0.6343149038461539 0.2496243990384616 0.6376201923076923
4 0.398415764109698 0.5529796800476948 0.37506210254372024 0.5428259141494436 0.33949287062798095 0.624635147555644 0.3628465321939587 0.6347889134538951
4 0.44921875 0.7041015625000001 0.4296875000000001 0.7001953125000001 0.4253305288461539 0.7219801682692306 0.44486177884615385 0.7258864182692306
4 0.5909104567307693 0.32388822115384625 0.5829777644230769 0.32172475961538466 0.5678335336538461 0.37725360576923084 0.5757662259615385 0.37941706730769237
