4 0.14703125000000003 0.31160156250000004 0.05132812500000006 0.29792968750000004 0.021289062500000067 0.508203125 0.11699218750000004 0.521875
4 0.24012920673076926 0.18150540865384618 0.1846003605769231 0.1745643028846154 0.15679086538461542 0.39704026442307694 0.21231971153846155 0.4039813701923077
4 0.24121093750000008 0.419921875 0.1956402055369128 0.4118799811241611 0.16215525377516785 0.6016280411073824 0.20772598573825513 0.6096699349832214
4 0.17578125000000008 0.6162109375000001 0.13867187500000008 0.5791015625000001 0.06640625000000008 0.6513671875000002 0.10351562500000008 0.6884765625000002
4 0.328756893382353 0.16641773897058829 0.30485983455882354 0.16044347426470593 0.29090073529411764 0.21627987132352944 0.3147977941176471 0.22225413602941183
4 0.33203125000000006 0.357421875 0.28710937500000006 0.357421875 0.2871093750000001 0.4580078125 0.3320312500000001 0.4580078125
4 0.39003906250000003 0.5476562500000001 0.36660156250000003 0.5398437500000001 0.3390625000000001 0.6224609375000001 0.3625000000000001 0.6302734375000001
4 0.4011809819941715 0.2721259302144046 0.3994140625 0.185546875 0.3772214560782681 0.18599978533513736 0.3789883755724396 0.272578840549542
4 0.4460937499999999 0.25527343750000003 0.4179296874999999 0.25125000000000003 0.4068359375 0.32890625000000007 0.43499999999999994 0.33292968750000007
4 0.4501953125 0.3242187500000001 0.4336368789432177 0.32223173797318616 0.42825808359621453 0.3670550325315458 0.44481651715299686 0.3690420445583597
4 0.48493551220414205 0.3718969582100592 0.4696803346893491 0.36554063424556216 0.4464797522189349 0.4212220321745562 0.4617349297337278 0.42757835613905326
4 0.5086800759668508 0.4739058183701658 0.4924702175414365 0.4694341332872929 0.4720195959944752 0.5435676363950277 0.4882294544198896 0.5480393214779007
4 0.6007729851057907 0.3282881229120268 0.5901591209632515 0.32457327046213813 0.5713869362472159 0.3782080839365256 0.582000800389755 0.38192293638641434
4 0.5762469951923077 0.4427584134615385 0.5600510817307692 0.4383413461538462 0.5351262019230769 0.5297325721153847 0.5513221153846154 0.5341496394230771
