4 0.45098437500000016 0.9183515625 0.4496093750000002 0.9183515625 0.4496093750000002 0.9205546874999999 0.45098437500000016 0.9205546874999999
4 0.7273723323170731 0.9418588033536585 0.7164395960365855 0.8434641768292683 0.49478372713414637 0.8680926067073171 0.505716463414634 0.9664872332317073
4 0.5641024772333043 0.8576844373373806 0.5520957556374675 0.8081567107545533 0.3421898715307893 0.8590429856895057 0.35419659312662616 0.908570712272333
4 0.841796875 0.7558593750000002 0.7363281250000002 0.7558593750000002 0.7363281250000002 0.8056640625 0.841796875 0.8056640625
4 0.7463885613207546 0.7559146521226416 0.7334905660377358 0.7107716686320755 0.5449218749999999 0.7646484375000001 0.5578198702830187 0.8097914209905662
4 0.56171875 0.7154296875 0.5478515625 0.673828125 0.45 0.7064453125 0.4638671875 0.748046875
4 0.342691056129174 0.8151808271089631 0.3368642904217926 0.7877117887741653 0.28203948813708263 0.7993412922891038 0.287866253844464 0.8268103306239016
4 0.3534336057528167 0.711993414454592 0.34875584137077503 0.697146597068112 0.26279033479856606 0.7242316196867532 0.2674680991806077 0.7390784370732332
4 0.4123046875 0.67734375 0.39667968749999993 0.63046875 0.3076171875 0.66015625 0.3232421875 0.70703125
4 0.6814769847972972 0.5845755912162162 0.6780088682432432 0.5626108530405405 0.5936602618243243 0.5759290540540541 0.5971283783783783 0.5978937922297297
4 0.7315678993300423 0.6903801018159381 0.7285597011636107 0.6744796257933711 0.665263575458392 0.6864545684943584 0.6682717736248236 0.7023550445169254
4 0.41648758836760924 0.6255648497750643 0.41255121304627257 0.6103816878213368 0.3685607125642673 0.6217866323907456 0.3724970878856041 0.6369697943444731
4 0.3610963811528497 0.4877165641191711 0.35799060880829014 0.47287787402849746 0.3009421551165803 0.48481824805699486 0.3040479274611399 0.4996569381476685
4 0.4542182694420035 0.5764430470123022 0.4507462379173989 0.5600748983963093 0.3938824967047451 0.5721369041080843 0.39735452822934975 0.5885050527240773
4 0.7275390625000001 0.4589843750000001 0.7038915094339624 0.45795622051886803 0.7029149469339624 0.48041715801886803 0.7265625000000001 0.4814453125000001
4 0.5530622876102131 0.5037397823291697 0.5496999276726673 0.4881506589823659 0.4728887307127113 0.5047177798952976 0.4762510906502572 0.5203069032421015
4 0.482421875 0.4501953125000001 0.4776739468232044 0.4381096771408841 0.4099641747237569 0.46470994475138133 0.41471210290055244 0.47679558011049733
