4 0.5635538019521411 0.24510046048488668 0.5634760705289674 0.240203380824937 0.5000000000000002 0.2412109375 0.5000777314231739 0.24610801715994968
4 0.5295055694331159 0.3324996176590539 0.529135973185155 0.3195637489804241 0.4745488376835237 0.32112338142332786 0.47491843393148453 0.3340592501019576
4 1 0.08398437500000008 0.0009765625000000664 0.08398437500000001 0.0009765625000001225 1 1 1
4 0.8125 0.6992187500000001 0.646484375 0.69921875 0.6464843750000001 0.7900390625000001 0.8125 0.7900390625000002
4 0.572265625 0.5625 0.451171875 0.5625 0.451171875 0.6123046875 0.572265625 0.6123046875
4 0.8016395115795725 0.5082880233076009 0.8003196444477434 0.4700118764845606 0.7006267629156769 0.47344956205463185 0.7019466300475059 0.5117257088776721
4 0.969878556663424 0.5825100316147862 0.867882113326848 0.555449750729572 0.8537740150778207 0.6086264287451362 0.9557704584143968 0.6356867096303503
4 0.39725022691908723 0.4591707728215767 0.2863775609439835 0.4523826504149377 0.2771557313278009 0.6030058674792531 0.3880283973029046 0.6097939898858922
4 0.3994111157211829 0.48402079718617985 0.3882599153213639 0.44794338412794216 0.27931455567290286 0.481617404382921 0.2904657560727218 0.5176948174411586
4 0.556640625 0.470703125 0.4033203125 0.470703125 0.4033203125 0.5205078125 0.556640625 0.5205078125
4 0.22507841012773727 0.5919636747262773 0.13307909443430663 0.5813483690693431 0.1254276916058395 0.6476605269160584 0.21742700729927017 0.6582758325729927
4 0.25485983455882355 0.5582950367647059 0.2505629595588236 0.5024356617647059 0.14302619485294119 0.5107077205882353 0.1473230698529412 0.5665670955882354
4 0.09179687500000004 0.306640625 3.821041526636517e-17 0.306640625 4.413033875833724e-17 0.4033203125 0.09179687500000004 0.4033203125
4 0.22663395579268295 0.3590415396341463 0.22265625 0.3232421875 0.15105754573170732 0.33119759908536583 0.1550352515243903 0.3669969512195122
4 0.40061302463503645 0.3490490989963504 0.399988594890511 0.3259451984489051 0.3002409329379562 0.3286410812043795 0.3008653626824817 0.35174498175182484
4 0.5424034926470589 0.6841750919117647 0.42092601102941174 0.671608455882353 0.4119646139705882 0.7582352941176471 0.5334420955882354 0.7708019301470589
4 0.5800781250000002 0.79296875 0.3925781250000001 0.79296875 0.3925781250000001 0.8720703125 0.5800781250000002 0.8720703125
4 0.34374999999999994 0.9990234375 0.3430961172613443 0.845360993915909 0.11264816249366243 0.8463416235106651 0.11330204523231813 1.000004067094756
4 0.45312500000000017 0.890625 0.3769531250000001 0.890625 0.3769531250000001 0.9990234375 0.45312500000000017 0.9990234375
4 0.634765625 0.4482421875 0.6342053489963504 0.42751197536496355 0.5760763572080292 0.4290830291970803 0.5766366332116789 0.44981324133211675
