4 0.38867187500000006 0.9873046875 0.1970287936881713 0.7912305522850077 0.04875421883672333 0.9361542892867053 0.24039730014855207 1.1322284245016978
4 0.5428034855769232 0.8011268028846154 0.35578425480769243 0.7777493990384615 0.34618389423076934 0.8545522836538462 0.5332031250000001 0.8779296875
4 0.7820882451067617 0.8207941781583632 0.7798737766903916 0.7034273520907474 0.6167169428380784 0.7065057829181495 0.6189314112544485 0.8238726089857652
4 0.21560627140410965 0.563396297089041 0.13405661386986312 0.5328151755136986 0.10957566352739737 0.598097709760274 0.19112532106164387 0.6286788313356164
4 0.561686503283302 0.5699020872420264 0.441501524390244 0.5594512195121952 0.43711157363977493 0.6099356531425892 0.5572965525328331 0.6203865208724204
4 0.5185546875000002 0.689453125 0.40249399038461553 0.666240985576923 0.3865685096153847 0.7458683894230769 0.5026292067307694 0.769080528846154
4 0.20445621605292014 0.4050867674905323 0.17294966644658166 0.3545573954803668 0.04874403590293006 0.43200325923111427 0.08025058550926853 0.48253263124127976
4 0.2500000000000001 0.474609375 0.13867187500000006 0.474609375 0.13867187500000006 0.5244140625 0.2500000000000001 0.5244140625
4 0.25040821040889716 0.3479170135189132 0.2497135347296217 0.2527464454581779 0.017874267448055394 0.2544387028835909 0.018568943127330848 0.3496092709443261
4 0.41907681966957605 0.3127995441084788 0.32098221243765584 0.30789481374688277 0.31981325981920194 0.3312738661159601 0.41790786705112215 0.33617859647755616
4 0.5530858602504944 0.3265639162409361 0.4921875 0.32324218750000006 0.4915347416776533 0.33520942340969023 0.5524331019281478 0.33853115215062635
4 0.6424619932432434 0.44832664695945956 0.579075168918919 0.4383182010135136 0.5758604307432433 0.4586782094594595 0.6392472550675676 0.46868665540540544
4 0.5737062964108912 0.4338354733910892 0.40817411819306937 0.4172822555693069 0.39896929146039606 0.5093305228960398 0.5645014696782179 0.5258837407178218
4 0.5655172413793104 0.4047615840517242 0.5160560344827587 0.40185210129310345 0.5149919181034484 0.41994207974137937 0.5644531250000001 0.4228515625
4 0.8912860576923078 0.5285006009615385 0.8526141826923078 0.5179537259615385 0.846033653846154 0.5420823317307694 0.884705528846154 0.5526292067307693
4 0.8054524973098998 0.5101593324067434 0.6957062074067433 0.49532875269010057 0.6898146072453372 0.5389265938845051 0.7995608971484937 0.553757173601148
4 0.5178402056709264 0.25028392072683714 0.486328125 0.24902343750000006 0.4860598043130991 0.25573145467252395 0.5175718849840255 0.25699193789936103
4 0.5929239535550459 0.2450329701834863 0.5313091313073395 0.24316585435779822 0.5310098910550459 0.2530407826834863 0.5926247133027523 0.2549078985091744
4 0.9884637173271502 0.3697390783094437 0.8615573619308601 0.36809094382377755 0.8609885513279932 0.4118893602445195 0.9878949067242834 0.41353749473018564
4 0.8476540554775281 0.33664413623595524 0.7582382373595506 0.31506100772471923 0.75249297752809 0.33886279845505635 0.8419087956460676 0.36044592696629224
4 0.4025735294117648 0.4727136948529411 0.39550545175261886 0.43423193870870264 0.28156397940169225 0.45515996424254634 0.28863205706083805 0.49364172038678483
