4 0.2954746462264151 0.004901238207547209 0.23124262971698117 -0.013450766509433932 0.16373083726415097 0.2228405070754717 0.22796285377358488 0.24119251179245288
4 0.3711448720637584 0.0040006291946309116 0.3371945784395973 -0.006092701342281848 0.3136626992449665 0.07305998322147654 0.34761299286912756 0.0831533137583893
4 0.6080078124999999 0.08710937500000002 0.4234374999999999 0.025585937500000044 0.36816406249999994 0.19140625000000006 0.5527343749999999 0.25292968750000006
4 0.4679268068240014 0.22375217384346202 0.37506768254950495 0.19696588799504955 0.30430107598583134 0.4422901240824514 0.3971602002603278 0.46907640993086375
4 0.3710937500000001 0.451171875 0.3183593750000001 0.451171875 0.3183593750000001 0.5341796875 0.3710937500000001 0.5341796875
4 0.6464019746842844 0.24336924111318997 0.5554923190481759 0.1619047445042096 0.347242238657624 0.39429976175163717 0.43815189429373247 0.47576425836061753
4 0.47320550444162446 0.4629629996827413 0.425500674175127 0.4507594384517768 0.382062975888325 0.6205613499365483 0.42976780615482246 0.6327649111675128
4 0.4596277573529413 0.48870634191176476 0.4151194852941177 0.48528262867647065 0.4082490808823529 0.5745978860294119 0.45275735294117664 0.578021599264706
4 0.44626513447549787 0.6559090256508424 0.4091019214203676 0.6463527708652375 0.38012358824655446 0.7590462887633997 0.4172868013016847 0.7686025435490047
4 0.3046875000000001 0.912109375 0.24023437500000008 0.912109375 0.24023437500000008 0.9541015625 0.3046875000000001 0.9541015625
4 0.38717660422848676 0.8921985116839763 0.32581544417655794 0.8750173868694363 0.30157525037092 0.9615895076038579 0.3629364104228488 0.9787706324183979
4 0.5421225598236777 0.5619243938916878 0.4970678526448363 0.5476965916246852 0.44489432462216627 0.7129127636964736 0.48994903180100763 0.7271405659634762
4 0.41699218750000017 0.8027343750000002 0.38975181354110716 0.8022878114924772 0.3884199942907041 0.8835287857670607 0.4156603682495971 0.8839753492745837
4 0.46889003537735857 0.8834979363207548 0.44671653891509433 0.8593086674528301 0.39510981721698113 0.906614829009434 0.41728331367924537 0.9308040978773586
4 0.6344874293958743 0.4397006231581534 0.6008046568025541 0.4320454475687624 0.571574932465619 0.5606562346512771 0.6052577050589392 0.5683114102406681
4 0.8062997586509528 0.09551114280341033 0.7223721947091273 0.07926709816950861 0.6812507836008023 0.2917277222291876 0.7651783475426278 0.30797176686308936
4 0.7452354563148789 0.050392652465398036 0.7025674470155708 0.0374067365916956 0.6807823313148788 0.10898640246539801 0.7234503406141868 0.12197231833910045
4 0.8720703125 0.08398437500000007 0.7929687500000001 0.06542968750000008 0.7832705617054321 0.10677459549263228 0.862372124205432 0.12532928299263227
4 1 0.09375000000000012 0.857421875 0.09375000000000011 0.857421875 0.3134765625000001 1 0.3134765625000001
4 0.7848557692307693 0.3481820913461539 0.7127403846153846 0.333759014423077 0.6814152644230769 0.4903846153846153 0.7535306490384616 0.5048076923076923
4 0.9169168784052808 0.2884215541177705 0.8707622262678122 0.26967122668692384 0.822854181946773 0.38759872040025156 0.8690088340842415 0.40634904783109815
4 0.5799172794117649 0.6143956801470589 0.5307789522058826 0.6106158088235295 0.5215418198529413 0.7306985294117647 0.5706801470588236 0.7344784007352942
4 0.6534131659836067 0.5867635758196722 0.625 0.5800781250000001 0.6057248975409836 0.6619973104508199 0.6341380635245902 0.668682761270492
4 0.5248046875000001 0.7501953125 0.5013671875000001 0.7384765625 0.46562500000000007 0.8099609375000002 0.48906250000000007 0.8216796875000002
4 0.478225641375546 0.9572530021834063 0.4513595114628822 0.9536708515283845 0.4453125000000001 0.9990234375000002 0.4721786299126639 1.002605588155022
4 0.5406675767733564 0.9359929173875432 0.5088025789359862 0.926294874567474 0.48661534926470595 0.9991957720588234 0.5184803471020762 1.0088938148788926
4 0.5934495192307693 0.797400841346154 0.553260216346154 0.7893629807692308 0.5298978365384617 0.9061748798076923 0.570087139423077 0.9142127403846153
4 0.6587253913221299 0.8348098927349794 0.6228929255279597 0.826747587931291 0.5962486289782869 0.9451666837076147 0.6320810947724571 0.9532289885113029
4 0.6423147823033708 0.7137025983146067 0.611622191011236 0.7107794943820224 0.6031469452247191 0.7997695751404494 0.6338395365168539 0.8026926790730338
4 0.7563308986686391 0.5804699056952665 0.7113639515532546 0.5771796412721895 0.7050295857988167 0.6637493065828404 0.7499965329142013 0.6670395710059173
4 0.876667668269231 0.636072716346154 0.8281099759615385 0.6300030048076924 0.8191256009615385 0.7018780048076925 0.867683293269231 0.707947716346154
4 0.8653073132780085 0.7316600752074691 0.8300538122406639 0.7222591415975106 0.8062435165975105 0.8115477502593361 0.8414970176348551 0.8209486838692946
4 1.011065463362069 0.4306910021551726 0.9402680495689658 0.42479121767241396 0.9226966594827589 0.6356478987068968 0.9934940732758623 0.6415476831896554
