4 0.7498866227200635 0.2757358681106265 0.7212622670499604 -0.006929644131641566 0.5816976234139573 0.007203484337827115 0.6103219790840603 0.2898689965800952
4 0.9046875000000002 0.27714843750000007 0.7935546875000001 0.054882812500000044 0.6662109375 0.11855468750000005 0.77734375 0.34082031250000006
4 0.9875567690311421 0.2800869106833911 0.9820048929498272 0.06911561959342563 0.8677234266868512 0.07212302660034603 0.873275302768166 0.28309431769031146
4 0.5173401808375634 0.1441297192258883 0.5065583359771574 -0.006816108819796951 0.22715240323604063 0.013141457804568527 0.23793424809644673 0.1640872858502538
4 0.572265625 6.942455731494516e-17 0.498046875 6.487996958373428e-17 0.498046875 0.04785156250000006 0.572265625 0.04785156250000007
4 0.2630989274049881 0.1738142072446556 0.2601622810273159 0.08865146229216152 0.15562602063539194 0.09225616092636581 0.15856266701306415 0.17741890587885986
4 0.32117343527104136 0.2831878009094151 0.21109213400499294 0.20861659682596292 0.16226540210413698 0.28069415344151216 0.2723467033701854 0.35526535752496435
4 0.38418642241379314 0.2537917564655173 0.3091527478448276 0.1903017241379311 0.27174030172413793 0.2345164331896552 0.3467739762931035 0.2980064655172414
4 0.6086341594827587 0.24717133620689652 0.5620285560344828 0.1306573275862069 0.44012661637931033 0.17941810344827588 0.4867322198275862 0.29593211206896547
4 0.10937500000000004 0.466796875 0.025390625000000062 0.466796875 0.025390625000000066 0.5361328125 0.10937500000000004 0.5361328125
4 0.23217221904489574 0.5168660190877896 0.09680395696311131 0.5076885097941093 0.08572191342579358 0.6711486519695453 0.22109017550757798 0.6803261612632256
4 0.3164925918324838 0.5038377125808664 0.3157940079151147 0.43328073692658303 0.1948088074029602 0.4344786101989806 0.19550739132032935 0.505035585853264
4 0.3167445231958763 0.5025591978092783 0.3135530766752578 0.43234737435567006 0.26934399162371137 0.4343568782216495 0.2725354381443299 0.5045687016752577
4 0.4901888358160621 0.3366964863989638 0.41611783516839373 0.2716037888601037 0.3301297360751295 0.36945231541450785 0.4042007367227979 0.43454501295336795
4 0.47244188262195125 0.44728944359756106 0.37880621189024394 0.42722465701219514 0.3680020960365854 0.4776438643292683 0.46163776676829277 0.4977086509146342
4 0.685546875 0.3525390625000001 0.6044921875 0.2714843750000001 0.52734375 0.3486328125000001 0.6083984375 0.42968750000000017
4 0.5726879222972974 0.41836465371621623 0.5218802787162163 0.34723395270270274 0.4562922297297298 0.39408255912162166 0.5070998733108109 0.4652132601351352
4 0.5639129928264799 0.5048806060777226 0.4594644924875735 0.5004359890420245 0.4504861189561681 0.7114277670300497 0.5549346192950745 0.7158723840657479
4 0.6461087740384617 0.5186298076923078 0.6270282451923078 0.4232271634615386 0.5770733173076923 0.4332181490384617 0.5961538461538461 0.528620793269231
4 0.7760760457528666 0.6880516369945685 0.7190576437085093 0.5035803362628244 0.5970167989966807 0.541302051901026 0.6540352010410381 0.7257733526327701
4 0.8599640933572712 0.3878723911579892 0.7585962045556554 0.3131802625673249 0.7173351239901258 0.3691774433348294 0.8187030127917415 0.44386957192549376
4 0.8491890893624644 0.470575528295129 0.8465683202005732 0.41903373477793704 0.7617109151146131 0.42334851808739254 0.7643316842765042 0.4748903116045845
4 0.8636534492924529 0.6989902712264151 0.8602926002358491 0.6216907429245284 0.7655328714622642 0.6258107311320755 0.768893720518868 0.7031102594339622
4 0.8294020432692308 0.5727163461538464 0.7685546874999999 0.5605468750000002 0.7586388221153846 0.610126201923077 0.8194861778846153 0.6222956730769232
4 0.921875 0.5947265625 0.8662860576923075 0.5836087740384616 0.8561448317307692 0.6343149038461539 0.9117337740384617 0.6454326923076923
4 0.08085325084537359 0.6644323509068552 0.00610974485090694 0.6618097717491545 0.0017669987319398118 0.785578036139717 0.07651050472640646 0.7882006152974177
4 0.23181157073324304 0.7109643639819837 0.10172935938105396 0.6875495659385897 0.07391832744091446 0.8420552989393645 0.20400053879310356 0.8654700969827587
4 0.4003621122262775 0.7510549726277373 0.28635378649635046 0.7095973996350367 0.2653683850364964 0.7673072536496351 0.3793767107664235 0.808764826642336
4 0.29583794247787615 0.5458293003318586 0.27853636615044247 0.526056070243363 0.2471480918141593 0.5535208102876107 0.264449668141593 0.5732940403761063
4 0.3011771537162163 0.6548511402027027 0.2505014780405406 0.6464051942567568 0.24472128378378386 0.6810863597972974 0.29539695945945954 0.6895323057432432
4 0.6507061298076924 0.8189302884615387 0.49385516826923076 0.6969350961538463 0.4029897836538462 0.8137620192307693 0.5598407451923076 0.9357572115384617
4 0.7436397519699142 0.7980922054083097 0.6557994940902578 0.7736921337750717 0.6256771579512893 0.8821325438753582 0.7135174158309457 0.9065326155085961
4 1.0011054339021208 0.9827969828311731 0.9996569456425684 0.8249117625399764 0.762990368835213 0.827083015538209 0.7644388570947652 0.9849682358294057
