4 0.580817892699115 0.2196902654867257 0.5380859375 0.115234375 0.3822196487831858 0.17899785674778762 0.42495160398230086 0.2834537472345133
4 0.3845868310007208 0.26301301207352246 0.36440422648366166 0.20438735133349356 0.24970060217443538 0.24387548429240752 0.26988320669149446 0.3025011450324364
4 0.21835668103448275 0.3072723599137931 0.1779539331896552 0.15720501077586208 0.05103582974137931 0.19137526939655172 0.09143857758620688 0.34144261853448277
4 0.06892381020642203 0.36906895068807344 0.06593251036520818 0.2504140569865914 -0.0009728409491884318 0.2521007465155258 0.0020184588920254057 0.3707556402170078
4 0.2325961904158215 0.5008854430780934 0.20682524087221096 0.34110555590770797 0.07332736435091278 0.3626374714756592 0.09909831389452332 0.5224173586460447
4 0.12475937500000003 0.5291453125000001 0.09538125000000004 0.47557343750000003 0.014781250000000056 0.5197734374999999 0.04415937500000004 0.5733453125000001
4 0.29420072115384627 0.3465895432692308 0.26885516826923084 0.31400240384615385 0.23329326923076926 0.3416616586538462 0.2586388221153847 0.37424879807692313
4 0.24850014740566045 0.5882075471698114 0.2159529775943397 0.5867924528301887 0.21354658018867934 0.6421395931603774 0.24609375000000008 0.6435546875000001
4 0.271021262886598 0.5435224710051548 0.202430331829897 0.5130376127577321 0.18483207152061862 0.5526336984536083 0.2534230025773196 0.5831185567010311
4 0.2871093750000001 0.451171875 0.2539062500000001 0.451171875 0.2539062500000001 0.4833984375 0.2871093750000001 0.4833984375
4 0.3189162017980936 0.5768404056542461 0.316106680567591 0.5094118961221837 0.27020655058492193 0.5113244015381282 0.27301607181542453 0.5787529110701906
4 0.3385667067307692 0.7289663461538461 0.2850360576923077 0.6601412259615383 0.1778094951923077 0.7435396634615383 0.2313401442307692 0.8123647836538461
4 0.2871093750000001 0.845703125 0.1855468750000001 0.845703125 0.18554687500000014 0.9296875 0.2871093750000001 0.9296875
4 0.5395252279799634 0.9987983651119636 0.5388497664817982 0.8508722970137818 0.2612353350699512 0.8521399428193153 0.2619107965681165 1.000066010917497
4 0.4047025686201781 0.76612921921365 0.378335381120178 0.7192542192136498 0.2893609745919881 0.7693023228857567 0.3157281620919882 0.8161773228857567
4 0.4949142351261571 0.6820162035309049 0.4225786265489699 0.578899484920872 0.33724065252687374 0.63876343684682 0.409576261104061 0.7418801554568529
4 0.35921062809405946 0.582698406559406 0.3267230043316832 0.5794496441831684 0.32448948019801993 0.601784885519802 0.3569771039603961 0.6050336478960396
4 0.4760516826923077 0.5550931490384616 0.4628455528846153 0.506670673076923 0.3699669471153846 0.532001201923077 0.3831730769230769 0.5804236778846155
4 0.5691036739864864 0.48615920608108115 0.5361961570945946 0.2777449324324324 0.4305848817567567 0.2944203969594595 0.4634923986486486 0.5028346706081082
4 0.7598330425126903 0.256998532677665 0.6539538388324873 0.0016428061548223293 0.5524944479695432 0.04371133407360408 0.6583736516497461 0.2990670605964467
4 0.7274183917197453 0.17923840565286628 0.6280627985668791 0.08673492237261149 0.5722718451433122 0.1466585390127389 0.6716274382961784 0.2391620222929937
4 0.7629124905446294 0.2925521227307112 0.6386630105900151 0.26273224754160374 0.5938268248865356 0.4495496879727686 0.7180763048411498 0.47936956316187607
4 0.5784795734026369 0.5807139800963489 0.5134440764452333 0.5337438989604463 0.46307484470081145 0.6034859121450304 0.528110341658215 0.6504559932809331
4 0.6447865008751459 0.4708056811551926 0.5943584998541424 0.46385009480746797 0.5811811734247374 0.5593857114206535 0.6316091744457409 0.5663412977683782
4 0.6720582932692307 0.5914272836538461 0.5535006009615384 0.5848407451923077 0.5478245192307691 0.6870102163461538 0.6663822115384616 0.6935967548076922
4 0.6267578125000002 0.7457031250000001 0.5025390625 0.704296875 0.462890625 0.8232421875 0.5871093750000002 0.8646484375
4 0.7684734483318889 0.985354947465338 0.7567377735051992 0.7036987516247835 0.6132694026213171 0.7096766004116118 0.6250050774480068 0.9913327962521663
4 0.9009118213063865 0.6867476558540295 0.8097296906677649 0.6643258204510898 0.7531405418461734 0.894455025658895 0.8443226724847948 0.9168768610618347
4 1.0000068732404508 0.6782813599718474 0.9349610249776058 0.6772406263996419 0.9310479017371552 0.9218108289277949 0.9960937500000002 0.9228515625000003
4 0.8250512295081966 0.416383837090164 0.8199923155737704 0.3607357838114755 0.7490234375 0.36718750000000006 0.7540823514344261 0.42283555327868855
4 0.8482298081580405 0.28034911906656534 0.756215889236784 0.27926660237337403 0.7554077182223915 0.3479611385967341 0.847421637143648 0.34904365528992537
4 0.986328125 1.121197631055316e-16 0.740234375 9.705086694414817e-17 0.740234375 0.1992187500000001 0.986328125 0.19921875000000014
4 0.9142399308019874 0.3585190349982258 0.8557598474095103 0.3552088415986517 0.8540922751064585 0.38466928561923364 0.9125723584989356 0.3879794790188078
4 0.9912109375 0.3515625000000001 0.9658203125 0.3261718750000001 0.9306640625 0.3613281250000001 0.9560546875 0.3867187500000001
4 0.994140625 0.2871093750000001 0.974609375 0.2871093750000001 0.974609375 0.3388671875000001 0.994140625 0.3388671875000001
