4 0.2724515203109933 0.4279528537849567 0.25097467906219867 0.2898874457569913 -0.01371425235053036 0.3310612795323047 0.0077625888982642225 0.46912668756027004
4 0.14089019495412847 0.28265481651376145 0.04511181192660553 0.26599770642201837 0.03777952981651379 0.3081583285550459 0.13355791284403673 0.32481543864678897
4 0.22905170688472093 0.26752183640210436 0.20755750371683437 0.18711759492223248 0.029476998513266257 0.23472327453110706 0.05097120168115279 0.31512751601097894
4 0.18747012867647062 0.8125367647058823 0.1583386948529412 0.5309329044117648 0.005942095588235286 0.5466980698529411 0.03507352941176471 0.8283019301470589
4 0.13159946857670982 0.8050864284889094 0.12016231515711646 0.7728544506700555 0.04646524087338259 0.7990050254158966 0.057902394292975945 0.8312370032347506
4 0.2506160465263691 0.2138275703600406 0.22695272882860035 0.040296573909736316 -0.00837308253042596 0.07238645727687627 0.015290235167342809 0.24591745372718057
4 0.042968750000000056 0.484375 6.009619302456494e-17 0.484375 6.487996958373428e-17 0.5625 0.04296875000000006 0.5625
4 0.213934536637931 0.8859105603448276 0.20760371767241378 0.7782866379310344 0.12528286637931033 0.7831290409482757 0.13161368534482756 0.8907529633620689
4 0.3822924043909349 0.7398747344192637 0.3023415368271955 0.7022507967422097 0.24369245750708216 0.8268800902974505 0.3236433250708216 0.8645040279745043
4 0.3215034298780488 0.680640243902439 0.2750571646341463 0.643483231707317 0.2127477134146341 0.7213700457317073 0.25919397865853655 0.7585270579268293
4 0.28790471971649484 0.5507007087628867 0.24068741945876293 0.4279357280927836 0.1282619201030928 0.4711763047680413 0.17547922036082472 0.5939412854381444
4 0.39232536764705883 0.36168428308823536 0.2861328125000001 0.3535156250000001 0.27706801470588244 0.47135799632352954 0.38326056985294116 0.47952665441176484
4 0.460975675835435 0.5028989005359396 0.4106697765605295 0.4405195854350568 0.34508369128310207 0.4934115896910467 0.39538959055800754 0.5557909047919295
4 0.43698571560650884 0.5916639700443787 0.32180912536982254 0.5436737241124261 0.2820532082100592 0.639087925295858 0.39722979844674555 0.6870781712278107
4 0.494140625 0.537109375 0.4453125 0.537109375 0.4453125 0.6328125 0.494140625 0.6328125
4 0.542222428625251 0.7931139588914938 0.5029865936872069 0.7361587146265909 0.467459472329203 0.760632953784327 0.5066953072672471 0.8175881980492299
4 0.5349744073275862 0.7042632004310345 0.5022696659482759 0.6674703663793105 0.45086880387931033 0.7131600215517243 0.4835735452586206 0.7499528556034483
4 0.7128906250000002 0.7607421875 0.5507812500000002 0.7607421875 0.5507812500000002 0.89453125 0.7128906250000002 0.89453125
4 0.5904138245558377 0.887526768718274 0.526287872779188 0.8829463435913706 0.5201013245558377 0.9695580187182742 0.5842272763324874 0.9741384438451777
4 0.897081055076724 0.7507975195546036 0.7415083044788762 0.7414631545187327 0.7336125105868873 0.8730597193852134 0.8891852611847352 0.8823940844210844
4 0.8446090944793537 0.9519590860637344 0.8336950880834829 0.8799266438509873 0.7102852894973071 0.8986250981822261 0.7211992958931778 0.9706575403949731
4 0.8082593107876713 0.6892123287671234 0.8039838398972604 0.5737746147260274 0.7364404965753424 0.5762762200342466 0.7407159674657534 0.6917139340753425
4 0.9225014740566039 0.3830520341981134 0.7948113207547169 0.3121130601415095 0.6945754716981132 0.49253758844339635 0.8222656250000002 0.5634765625000002
4 0.7119049276169265 0.5325910878340757 0.7102897932906459 0.42437708797327395 0.4990495371659243 0.4275299276169265 0.5006646714922048 0.5357439274777283
4 0.6752614182692308 0.2271304086538462 0.5036989182692309 0.21759915865384616 0.49572115384615395 0.3611989182692308 0.6672836538461538 0.37073016826923083
4 1.0597567777793746 0.3374103601402622 0.7701902107524718 0.21888311249712586 0.7104334329730972 0.36487118985686373 0.9999999999999998 0.4833984375000001
4 0.9359086766971636 0.0010259645814496934 0.7255859375000001 8.951173136040325e-17 0.7248356114369676 0.15381684292164383 0.9351583506341312 0.15484280750309343
4 0.5781250000000001 0.2314453125 0.5749174452319588 0.16087910760309276 0.5244180895618556 0.16317453286082473 0.5276256443298969 0.23374073775773194
4 0.6646093750000001 0.20988281250000002 0.6512109375 0.11609375000000002 0.5768359375 0.12671875000000005 0.5902343749999999 0.22050781250000004
4 0.3845393862911796 0.1781951547555792 0.3268153061902232 0.1582902995483529 0.28784620749202977 0.2713006857731138 0.3455702875929862 0.2912055409803401
