4 0.13531675433168322 0.37241839418316836 0.041721457301980264 0.36305886448019803 0.02046913675742581 0.5755820699257426 0.11406443378712879 0.584941599628713
4 0.18554687500000006 0.509765625 0.13476562500000006 0.509765625 0.13476562500000008 0.7314453125 0.18554687500000008 0.7314453125
4 0.24238633979942473 0.3139440077113633 0.20122899852165585 0.31186009169729906 0.19119273913217208 0.5100762146396037 0.23235008040994093 0.5121601306536679
4 0.19407393292682926 0.32186070884146345 0.18295064786585363 0.22175114329268292 0.13278868140243905 0.2273246951219512 0.14391196646341467 0.3274342606707317
4 0.3125000000000001 0.486328125 0.2695312500000001 0.486328125 0.2695312500000001 0.58984375 0.3125000000000001 0.58984375
4 0.25088641826923086 0.7193960336538462 0.22757512019230774 0.7181009615384616 0.22448918269230775 0.7736478365384615 0.2478004807692309 0.7749429086538461
4 0.3339843750000001 0.6875 0.3183593750000001 0.6875 0.3183593750000001 0.7744140625 0.3339843750000001 0.7744140625
4 0.3886718750000001 0.671875 0.3671875000000001 0.671875 0.3671875000000001 0.7177734375 0.3886718750000001 0.7177734375
4 0.40342067699836875 0.33828411755709636 0.38490900285481244 0.33775521258156616 0.38259902630505715 0.41860439182300163 0.4011107004486134 0.41913329679853184
4 0.28357260151273894 0.3089905951433122 0.2696394804936306 0.308492983678344 0.26726836186305736 0.374884305334395 0.2812014828821657 0.3753819167993631
4 0.4102755805798005 0.60991807590399 0.39624814915835416 0.6092167043329177 0.39417569357855364 0.6506658159289277 0.408203125 0.6513671875
4 0.447265625 0.55859375 0.4375 0.55859375 0.4375 0.6181640625 0.447265625 0.6181640625
4 0.4746147260273973 0.6337382277397261 0.4658203125 0.6328125000000001 0.4619087114726028 0.669972709760274 0.470703125 0.6708984375
4 0.553296150128866 0.6331487596649485 0.545411163015464 0.6327903511597939 0.542896262886598 0.6881181539948454 0.5507812500000001 0.6884765625000001
4 0.501953125 0.44921875 0.486328125 0.44921875 0.486328125 0.5244140625 0.501953125 0.5244140625
4 0.5586181133056134 0.5119400500259876 0.5505619802494804 0.5116801747661124 0.5485784011174638 0.573171127858628 0.5566345341735968 0.5734310031185033
