4 0.970703125 0.3789062500000001 0.87890625 0.3789062500000001 0.87890625 0.5927734375000002 0.970703125 0.5927734375000002
4 0.8628602941176469 0.4587146139705883 0.8482670036764706 0.23495082720588237 0.7988423713235293 0.23817417279411765 0.8134356617647057 0.4619379595588235
4 0.8209161599625819 0.4635925806828814 0.7664457144527597 0.4606078987371377 0.7554811739943874 0.6607107621024323 0.8099516195042096 0.6636954440481759
4 0.9021134688864632 0.7267885166484718 0.8436297420851531 0.6406019718886462 0.8006916962336247 0.6697385030021834 0.8591754230349347 0.7559250477620089
4 0.728515625 0.3925781250000001 0.68359375 0.3925781250000001 0.68359375 0.4951171875 0.728515625 0.4951171875000001
4 0.5585937499999999 0.4345703124999999 0.556272464057508 0.3765381639376997 0.5400484225239617 0.3771871255990415 0.5423697084664536 0.4352192741613418
4 0.5959448902027027 0.3382369087837838 0.5810546875000001 0.33789062500000006 0.5800390625000001 0.3815625000000001 0.5949292652027027 0.38190878378378385
4 0.649346379950495 0.34600286200495045 0.6415048731435644 0.2675877939356435 0.5937403310643565 0.2723642481435643 0.6015818378712872 0.3507793162128713
4 0.6670216862082672 0.21008048489666145 0.6511079093799682 0.2088073827503975 0.644192791136725 0.2952463607909381 0.660106567965024 0.296519462937202
4 0.7539278872784344 0.259351631739291 0.751749734582718 0.20271966165066466 0.7289469280834564 0.20359669266986705 0.7311250807791728 0.2602286627584934
4 0.4472958279639176 0.37078165270618557 0.4448071037371135 0.31602971971649485 0.43532740012886606 0.3164606153350516 0.43781612435567013 0.37121254832474226
4 0.517578125 0.47265625 0.5 0.47265625 0.5 0.5498046875 0.517578125 0.5498046875
4 0.6360690289046653 0.6498577744675458 0.624237370055781 0.5630922762423936 0.6016635237068966 0.5661705280172414 0.6134951825557808 0.6529360262423937
4 0.5646216823630139 0.7229880136986302 0.5452616652397261 0.7222709760273973 0.5431399828767123 0.7795563998287672 0.5625000000000002 0.7802734375000002
4 0.74609375 0.6035156250000002 0.7314453125 0.6035156250000002 0.7314453125 0.6728515625000002 0.74609375 0.6728515625000002
4 0.7510663908508541 0.7211060693166886 0.7061239836563732 0.7199536999014455 0.7047021291885677 0.7754060241458607 0.7496445363830486 0.7765583935611039
