4 0.5729986944628649 0.8932464356763928 0.36092403017241387 0.8485991379310347 0.3389785726127322 0.9528400613395227 0.5510532369031831 0.9974873590848808
4 0.6447373104453281 0.7852792581405219 0.4482502135630696 0.7560717167120781 0.44112202267956063 0.8040250008375022 0.6376091195618191 0.8332325422659462
4 0.7304687500000001 0.8740234375000002 0.6527924408783784 0.8078547297297298 0.6172620230524644 0.849564350655803 0.694938332174086 0.9157330584260732
4 0.43996980237354616 0.8060417969806599 0.23416790641060325 0.7745662128922098 0.22609812432377607 0.8273301726906952 0.431900020286719 0.8588057567791452
4 0.482421875 0.673828125 0.3789062500000001 0.673828125 0.3789062500000001 0.7216796875 0.482421875 0.7216796875
4 0.24448374155405422 0.7098553631756758 0.18937394425675685 0.7006703969594595 0.18467588682432443 0.7288587415540542 0.23978568412162177 0.7380437077702704
4 0.2861328125000001 0.626953125 0.19726562500000008 0.626953125 0.19726562500000008 0.6435546875 0.2861328125000001 0.6435546875
4 0.34133709265564205 0.5845049550097275 0.26400246230544755 0.5796715406128404 0.2625091196498055 0.6035650231031129 0.33984375 0.6083984375
4 0.3764052972560976 0.572313262195122 0.33203125000000006 0.5673828125 0.33048304115853666 0.5813166920731707 0.37485708841463417 0.5862471417682927
4 0.43304943647540994 0.5362608862704918 0.37370325307377056 0.5308657786885246 0.3720543032786886 0.5490042264344263 0.43140048668032804 0.5543993340163935
4 0.6439614392201836 0.621928755733945 0.5585686639908256 0.6070778383027523 0.5553146502293578 0.6257884174311927 0.6407074254587157 0.6406393348623854
4 0.6479561349150142 0.7444311039305951 0.5878906250000001 0.7373046875000002 0.586418865084986 0.7497095210694051 0.6464843750000001 0.7568359375
4 0.37580698424409753 0.42829219821020575 0.32031250000000006 0.4228515625000001 0.3195055157559026 0.4310828017897945 0.3750000000000001 0.43652343750000017
4 0.5514473446531791 0.5064125722543353 0.4742481033236995 0.4945357658959538 0.4717417810693642 0.510826860549133 0.5489410223988439 0.5227036669075146
4 0.58203125 0.49609375 0.548828125 0.49609375 0.548828125 0.5107421875 0.58203125 0.5107421875
4 0.687818386130137 0.5568332619863015 0.65625 0.5556640625 0.6557095462328768 0.5702563142123289 0.6872779323630138 0.5714255136986303
