4 0.529696132596685 0.1413749568370166 0.5217433529005525 -0.009727857389502723 0.2439356008287293 0.004893603245856351 0.2518883805248619 0.15599641747237566
4 0.5906955121805112 0.04766124201277955 0.588711187100639 -0.0019468849840255543 0.515625 0.0009765625 0.5176093250798722 0.0505846894968051
4 0.751953125 8.461304789030786e-17 0.607421875 7.576306125584456e-17 0.607421875 0.2861328125000001 0.751953125 0.2861328125000001
4 0.9059545985320284 0.294953152802491 0.8240067560053379 0.03272005671708182 0.722583268460854 0.0644148965747331 0.8045311109875442 0.32664799266014233
4 1 0.08007812500000012 0.8828125 0.08007812500000011 0.8828125 0.2978515625000001 1 0.2978515625000001
4 0.6188195633561644 0.24816727311643846 0.5749545162671232 0.13119381421232879 0.45359321489726023 0.17670430222602743 0.49745826198630133 0.2936777611301371
4 0.27655731471238937 0.1630081581858407 0.2707584347345133 0.07602495851769911 0.17068238384955753 0.08269669524336282 0.17648126382743365 0.16967989491150443
4 0.3968511189956332 0.246891204967249 0.31507573689956336 0.18435708924672498 0.28070414847161573 0.22930455103711803 0.3624795305676856 0.29183866675764203
4 0.33124696405440424 0.26850408840673584 0.21272364799222804 0.19936548737046636 0.16859111884715033 0.275021251619171 0.28711443490932653 0.3441598526554405
4 0.49590224847560976 0.3356688262195122 0.4207278963414634 0.26505049542682924 0.3317092225609756 0.3598123094512195 0.406883574695122 0.4304306402439025
4 0.3183593750000001 0.42578125 0.19726562500000006 0.42578125 0.19726562500000006 0.4951171875 0.3183593750000001 0.4951171875
4 0.3188083923969072 0.49522994523195873 0.31559882409793816 0.4246194426546392 0.2713897390463918 0.4266289465206186 0.27459930734536087 0.4972394490979381
4 0.11944473573825505 0.5086894400167785 0.06668414429530203 0.4375773385067114 0.013776740771812079 0.4768312185402685 0.0665373322147651 0.5479433200503356
4 0.23727125993276288 0.5077098296149145 0.10422954232885093 0.4877535719743277 0.07989666106356975 0.6499727804095354 0.21293837866748172 0.6699290380501223
4 0.07421875000000008 0.646484375 0.001953125000000079 0.646484375 0.0019531250000000867 0.7685546875 0.07421875000000008 0.7685546875
4 0.22584189527082663 0.7005368038977611 0.09432719120431363 0.6737467715879157 0.06306979543957866 0.8271921689784328 0.19458449950609166 0.8539822012882781
4 0.29784591763005774 0.6684937229046243 0.2748092033959537 0.6370800216763006 0.23992390715317918 0.6626625722543353 0.2629606213872832 0.694076273482659
4 0.3943880552344784 0.7409735696003963 0.2797445198976222 0.7012892689068693 0.25866005820673715 0.7621999360138707 0.37330359354359327 0.8018842367073977
4 0.46875 0.427734375 0.3769531250000001 0.427734375 0.3769531250000001 0.4814453125 0.46875 0.4814453125
4 0.5729212886663286 0.5130954456135902 0.4646714154411765 0.4983340992647059 0.4364323180780934 0.7054208132606491 0.5446821913032455 0.7201821596095335
4 0.5793120189566704 0.41743982504275945 0.5323412557012542 0.34596257661060437 0.4617603958808438 0.39234428449258835 0.50873115913626 0.46382153292474343
4 0.662109375 0.3007812500000001 0.546875 0.3007812500000001 0.546875 0.408203125 0.662109375 0.408203125
4 0.6473143403579678 0.5225872365762125 0.6308052468244805 0.4268344940819861 0.5799856560334873 0.43559649249422633 0.5964947495669746 0.5313492349884528
4 0.7705308097666107 0.6958463651177458 0.7191836627418 0.5102066797203532 0.5963117312342304 0.5441925331160639 0.6476588782590411 0.7298322185134565
4 0.6261521242977526 0.7999144136235956 0.4621774051966293 0.6974302141853934 0.38246137640449446 0.824975860252809 0.5464360955056179 0.9274600596910112
4 0.7389039294554457 0.8093982054455446 0.6646851794554455 0.7625232054455446 0.5259862314356436 0.9821298731435644 0.6002049814356438 1.0290048731435646
4 0.85546875 0.6347656250000002 0.763671875 0.6347656250000002 0.763671875 0.7119140625000002 0.85546875 0.7119140625000002
4 1.002411425805013 0.8064192370376755 0.7209656222118584 0.8010412917460865 0.7172337102816532 0.996344682760159 0.9986795138748077 1.001722628051748
4 0.8659522804054054 0.39647381756756783 0.7648595861486486 0.3229518581081082 0.7238545185810811 0.3793338260135136 0.8249472128378379 0.45285578547297317
4 0.8293198529411766 0.575287224264706 0.7595703125 0.5699218750000001 0.755859375 0.6181640625000002 0.8256089154411766 0.6235294117647061
4 0.8984375 0.6757812500000002 0.873046875 0.6757812500000002 0.873046875 0.7158203125000002 0.8984375 0.7158203125000002
4 0.91796875 0.6064453125000002 0.8600449587264153 0.5984949882075473 0.8536269162735852 0.645255011792453 0.9115507075471699 0.6532053360849058
4 0.9978627587579616 0.6305869327229299 0.9606314689490446 0.5959233180732484 0.9358765425955415 0.6225119426751592 0.9731078324044586 0.6571755573248407
