4 0.9722664553318376 0.41539149223547495 0.8779665911372228 0.41334149518776586 0.8732489224137933 0.6303542564655173 0.9675487866084082 0.6324042535132264
4 0.8674579380332386 0.27366246000711 0.8181437883265199 0.2730049380110204 0.8152658277417348 0.4888519818698899 0.8645799774484535 0.48950950386597947
4 0.7936407433151916 0.6891873779874585 0.7905756403809748 0.48995568726336963 0.7613758208116421 0.490404915256744 0.7644409237458589 0.689636605980833
4 0.8671470905172415 0.7717739762931033 0.8613550646551724 0.673309536637931 0.8089170258620688 0.6763941271551724 0.8147090517241379 0.7748585668103447
4 0.7325007167431193 0.6253279099770643 0.7204970613532111 0.6249641628440369 0.7184650946100919 0.6920190653669727 0.7304687500000001 0.6923828125000001
4 0.732421875 0.4101562500000001 0.689453125 0.41015625 0.689453125 0.513671875 0.732421875 0.5136718750000001
4 0.5676229508196722 0.3840772284836066 0.5512455174180328 0.38258837090163944 0.5461225665983608 0.4389408299180329 0.5625000000000001 0.4404296875000001
4 0.6082317073170732 0.34720369664634154 0.5947265625 0.3457031250000001 0.589867568597561 0.3894340701219513 0.6033727134146343 0.39093464176829273
4 0.6348868042883213 0.2836023038321169 0.6134708599452555 0.28302349452554754 0.6113965556569343 0.3597727531934307 0.6328125000000001 0.36035156250000006
4 0.68359375 0.22460937500000008 0.66796875 0.22460937500000008 0.66796875 0.3134765625000001 0.68359375 0.3134765625000001
4 0.775478951035032 0.22506593351910845 0.7533949542197452 0.2242772193471339 0.7513049860668789 0.2827963276273886 0.7733889828821657 0.28358504179936317
4 0.5430796675402666 0.6622902600840044 0.5228704374652875 0.6619534395827548 0.5208063949250209 0.7857959919987503 0.541015625 0.7861328124999999
4 0.6171875 0.576171875 0.59765625 0.576171875 0.59765625 0.6611328125 0.6171875 0.6611328125
4 0.513671875 0.474609375 0.5 0.474609375 0.5 0.5498046875 0.513671875 0.5498046875
4 0.45908016520700645 0.31079443670382173 0.4511382862261148 0.3105107981687899 0.44908937101910845 0.3678804239649682 0.4570312500000001 0.36816406250000006
