4 0.3036544772178636 0.0001275365872058301 0.08132025120700061 -0.004758929918527421 0.07982446627942065 0.06329928428636092 0.30215869229028364 0.06818575079209417
4 0.3243389423076922 0.1980318509615385 0.29734074519230763 0.09903846153846158 -0.0034405048076923015 0.18106971153846155 0.023557692307692314 0.2800631009615385
4 0.28737636804400424 0.2573817374395131 3.122502256758253e-17 0.2548828125 -0.0011948234065476682 0.3922875042529866 0.28618154463745654 0.3947864291924997
4 0.15039062500000006 0.47265625 6.117254275037804e-17 0.47265625 7.833434115639808e-17 0.7529296875 0.15039062500000008 0.7529296875
4 0.048828125000000056 0.412109375 5.100701756214318e-17 0.412109375 5.5491808086364444e-17 0.4853515625 0.048828125000000056 0.4853515625
4 0.26676739386792453 0.5311578714622642 0.26074587264150945 0.392662883254717 0.13928729363207548 0.39794369103773586 0.14530881485849054 0.5364386792452831
4 0.16406250000000008 0.7265625 0.08203125000000008 0.7265625 0.0820312500000001 0.830078125 0.16406250000000008 0.830078125
4 0.34555068597560984 0.7164110137195123 0.2720179115853659 0.6688309832317074 0.19739900914634148 0.7841511051829269 0.27093178353658537 0.8317311356707318
4 0.29521182823634207 0.6478413561460808 0.2564694366092636 0.6063316508313539 0.18256615573040377 0.6753080463182898 0.22130854735748223 0.7168177516330168
4 0.4287109375 0.5957031250000002 0.33789062500000006 0.5048828125000002 0.2666015625000001 0.5761718750000002 0.3574218750000001 0.6669921875000002
4 0.40625 0.33984375000000006 0.30078125000000006 0.33984375 0.3007812500000001 0.4560546875 0.40625 0.4560546875
4 0.4427849264705882 0.166647518382353 0.3884995404411764 0.13407628676470595 0.3245634191176471 0.24063648897058826 0.3788488051470588 0.27320772058823534
4 0.4616375792486753 0.4894906794095384 0.41167838640234666 0.4234156179031038 0.3463610664269493 0.47280188422596525 0.39632025927327785 0.5388769457323999
4 0.4873285060975611 0.5349418826219512 0.4371665396341465 0.529368330792683 0.4266625381097562 0.6239043445121951 0.4768245045731708 0.6294778963414634
4 0.42102481617647064 0.7867991727941177 0.4185546875 0.7546875 0.365234375 0.7587890625 0.36770450367647056 0.7909007352941176
4 0.49625639457295384 0.683762650133452 0.4281055382562278 0.682476784919929 0.42579654137010686 0.8048536198843417 0.4939473976868329 0.8061394850978649
4 0.4968151231751824 0.7268861199817518 0.49560903284671526 0.6822607778284672 0.426930314781022 0.6841169593978103 0.4281364051094891 0.7287423015510949
4 0.5241152131663376 0.4103799049851925 0.5229680173371174 0.3587560926702863 0.43277818052813427 0.36076031126604147 0.4339253763573544 0.41238412358094767
4 0.7297001917870036 0.3556838052797834 0.6983239790162454 0.23259250902527068 0.5118350913808664 0.2801288921480144 0.5432113041516246 0.40322018840252716
4 0.7221897392515924 0.47717207404458606 0.5238169287420383 0.4188271297770701 0.49215639928343957 0.5264729299363058 0.6905292097929937 0.5848178742038217
4 0.6717998798076923 0.7923677884615385 0.5110426682692308 0.7602163461538461 0.48452524038461553 0.8928034855769231 0.645282451923077 0.9249549278846155
4 0.6860519935344827 0.718547952586207 0.6521080280172413 0.7040005387931035 0.6340247844827587 0.7461947737068966 0.6679687499999999 0.7607421875
4 0.7858303373893806 0.6197715016592922 0.7164771155973452 0.6151479535398231 0.7090794386061947 0.7261131084070798 0.7784326603982301 0.7307366565265487
4 0.5216833726415097 0.892883991745283 0.4533682193396228 0.8899137676886794 0.44981574292452836 0.9716207252358494 0.5181308962264153 0.974590949292453
4 0.7695312500000002 0.9990234375000002 0.7689544119176375 0.9269186772046589 0.6463060114152694 0.927899864408678 0.6468828494976322 1.0000046247040193
4 0.9282289914704467 0.4573616200144162 0.8118687304781353 0.36829574123017794 0.6902803640076887 0.5271450587157618 0.806640625 0.6162109375000001
4 0.6383546476910829 0.18838326035031855 0.582945611066879 0.17208648487261152 0.564813893312102 0.23373432523885357 0.6202229299363058 0.2500311007165606
4 0.713096155989893 0.14489354191438775 0.6359697811385255 0.14301241082045194 0.6336717821046374 0.23723037120986928 0.7107981569560048 0.23911150230380507
4 1.0315289147653797 0.395970565652134 0.8102809497967856 0.26251941217901364 0.7649928413079624 0.3376023288841679 0.9862408062765565 0.47105348235728817
4 0.8536175579313469 0.8072943462915706 0.700536803897761 0.7761112297291736 0.6746770301695753 0.903059209849358 0.8277577842031612 0.9342423264117551
4 0.5572191922169811 0.7161851415094341 0.5263671875 0.7148437500000002 0.524948408018868 0.7474756780660379 0.5558004127358491 0.7488170695754718
4 0.6400115636281589 0.08661086981046939 0.6074148240072202 0.07952462206678705 0.5950932141245487 0.1362040275270759 0.6276899537454874 0.14329027527075824
4 1 1.1092381896573927e-16 0.798828125 9.860559432587819e-17 0.798828125 0.2841796875000001 1 0.2841796875000001
4 0.6552389705882352 0.02377068014705892 0.6241498161764705 0.0039866727941177075 0.5916590073529411 0.055043658088235324 0.6227481617647058 0.07482766544117654
4 0.7138671874999999 0.10351562500000008 0.6766684739747634 0.0990517793769717 0.6737387864747634 0.1234658418769717 0.7109374999999999 0.12792968750000008
4 0.568359375 0.005859375000000067 0.5224609375 0.005859375000000064 0.5224609375 0.024414062500000066 0.568359375 0.02441406250000007
