4 0.14843750000000006 0.458984375 5.937862654068954e-17 0.458984375 7.648062773971996e-17 0.73828125 0.14843750000000008 0.73828125
4 0.05273437500000004 0.39453125 0.001953125000000053 0.39453125 0.0019531250000000572 0.4677734375 0.052734375000000056 0.4677734375
4 0.294921875 0.2421875 0.009765625000000031 0.2421875 0.00976562500000004 0.3818359375 0.29492187500000006 0.3818359375
4 0.3408078722133758 0.18519854697452237 0.3086076257043116 0.08181880818226367 0.028414093122244004 0.16909220357667812 0.060614339631308155 0.2724719423689368
4 0.318359375 2.900164538996418e-17 0.103515625 1.5846259852248466e-17 0.103515625 0.10839843750000003 0.318359375 0.10839843750000004
4 0.4464117809734514 0.15398921460176998 0.3707999170353982 0.1342643805309735 0.3416171183628318 0.24613177544247788 0.41722898230088495 0.2658566095132744
4 0.41590202861163234 0.3382204209662289 0.3106348205909944 0.3290667507035648 0.30040748123827393 0.4466811532598499 0.4056746892589119 0.45583482352251414
4 0.2739659926470589 0.5195657169117648 0.26422334558823535 0.3929113051470588 0.14324448529411765 0.40221737132352936 0.15298713235294117 0.5288717830882353
4 0.4238281250000001 0.5927734375000002 0.33300781250000006 0.5019531250000002 0.2626953125 0.5722656250000002 0.353515625 0.6630859375000002
4 0.33972524578651686 0.7175057057584271 0.27315001755617985 0.6625087780898878 0.1860055301966293 0.7679994733146069 0.2525807584269663 0.8229964009831463
4 0.2806060195227766 0.6188016879067245 0.23101952277657273 0.592703531724512 0.18231849918655105 0.6852354765455531 0.2319049959327549 0.7113336327277656
4 0.1573407451923078 0.7157181490384615 0.07534555288461549 0.7111628605769231 0.06963040865384622 0.8140354567307693 0.15162560096153854 0.8185907451923079
4 0.46359070424867516 0.4875375544095383 0.41386068201173354 0.4217655895155186 0.3463610664269493 0.47280188422596525 0.396091088663891 0.538573849119985
4 0.7193980473883048 0.3836722856438897 0.7159897031044677 0.25074685857424445 0.5293636046320631 0.2555321431504599 0.5327719489159002 0.3884575702201052
4 0.4908203125000001 0.5373046875 0.4402677210365854 0.5264719893292684 0.4204601753048781 0.6189072027439024 0.47101276676829273 0.6297399009146342
4 0.7195438237660945 0.4574746848175966 0.5105778902896996 0.4390365142167383 0.5009715329935622 0.5479085635729615 0.7099374664699571 0.5663467341738199
4 0.531107088414634 0.4078934832317073 0.5256288109756098 0.3585889862804878 0.434522675304878 0.36871189024390244 0.4400009527439024 0.4180163871951219
4 0.41049288353455465 0.7559658943068277 0.3574218750000001 0.7548828125 0.35677544103871783 0.786558076602831 0.40984644957327243 0.7876411584096586
4 0.49072129396671993 0.6842674963880032 0.4215951480918694 0.6801199276355122 0.41425750112096466 0.802414043817258 0.4833836469958152 0.806561612569749
4 0.49051813089622653 0.6858564268867926 0.4261866155660378 0.6830594044811322 0.424141362028302 0.7301002358490567 0.4884728773584907 0.7328972582547171
4 0.6612072669767198 0.798024785922774 0.5003559253674921 0.7664044367175412 0.47446060341644414 0.8981328135989592 0.6353119450256719 0.929753162804192
4 0.6806640625 0.7255859375 0.6462890625 0.7083984375 0.625 0.7509765625000001 0.659375 0.7681640625000001
4 0.7826853569600818 0.6304775460593655 0.716375063971341 0.6219213792221086 0.7017176305015355 0.7355164886131014 0.7680279234902763 0.7440726554503583
4 0.9343659911024416 0.4669749578587119 0.8195938334046329 0.3758976972339992 0.6898007606981407 0.5394580734088471 0.8045729183959495 0.6305353340335598
4 0.8417375201108334 0.8229003731676798 0.6940684913523417 0.7823637770378978 0.6590016228324991 0.910107369503039 0.8066706515909907 0.9506439656328209
4 0.7500000000000001 0.9990234375000002 0.7494616965465963 0.9328121127313287 0.6293445090465963 0.9337886752313287 0.6298828125000001 1.0000000000000002
4 0.5081363972880302 0.8929361167394015 0.43819406561720714 0.8894390001558603 0.4340004480985039 0.9733113505299252 0.5039427797693269 0.9768084671134665
4 0.5449218750000001 0.71484375 0.5175781250000001 0.71484375 0.5175781250000002 0.75 0.5449218750000002 0.75
4 0.630859375 0.17578125000000008 0.580078125 0.17578125000000008 0.580078125 0.24902343750000008 0.630859375 0.24902343750000008
4 0.72265625 0.15527343750000008 0.648329044117647 0.15042601102941183 0.6422780330882353 0.24320818014705892 0.7166052389705883 0.24805560661764714
4 1.0292348928949224 0.41512996958744736 0.8176031933180535 0.270835628966855 0.767728259432299 0.3439855319992951 0.9793599590091677 0.4882798726198875
4 0.6728677998812351 0.03269744655581954 0.6479550178147268 0.009445516627078465 0.6109987381235154 0.049041530581947865 0.6359115201900237 0.07229346051068894
4 0.65234375 0.08593750000000008 0.615234375 0.08593750000000007 0.615234375 0.14160156250000008 0.65234375 0.14160156250000008
4 0.7275390625 0.11132812500000008 0.6920347003154574 0.10706760153785497 0.6891050128154574 0.13148166403785497 0.724609375 0.13574218750000008
4 1 0.01757812500000011 0.818359375 0.0175781250000001 0.818359375 0.2958984375000001 1 0.2958984375000001
