4 0.1369488223482917 0.6244855741649669 0.11267917755609384 0.41091269999362573 0.018984952670831206 0.42155977100331465 0.04325459746302908 0.6351326451746557
4 0.18554687500000006 0.267578125 0.13476562500000006 0.267578125 0.13476562500000006 0.4873046875 0.18554687500000006 0.4873046875
4 0.23720338093238139 0.6863692218343134 0.23418797249055023 0.4783060393479631 0.1899547360615288 0.4789471007454851 0.19297014450335997 0.6870102832318354
4 0.20295266544117654 0.6794002757352942 0.158835018382353 0.6683708639705883 0.1381548713235295 0.7510914522058825 0.18227251838235303 0.7621208639705883
4 0.2832031250000001 0.623046875 0.2675781250000001 0.623046875 0.2675781250000001 0.6904296875 0.2832031250000001 0.6904296875
4 0.3164062500000001 0.408203125 0.2695312500000001 0.408203125 0.2695312500000001 0.5126953125 0.3164062500000001 0.5126953125
4 0.25092699406723795 0.27969020373269615 0.24786791364535263 0.22360706266479893 0.2236501936387607 0.22492802921061306 0.22670927406064595 0.28101117027851025
4 0.3350792384204276 0.22313177330760095 0.32041456353919245 0.22262609486342044 0.3173665751187649 0.3110177590558195 0.33203125000000006 0.31152343750000006
4 0.388671875 0.2812500000000001 0.3671875 0.2812500000000001 0.3671875 0.3261718750000001 0.388671875 0.3261718750000001
4 0.4103713132022472 0.3463746488764045 0.3954397823033708 0.3449525983146068 0.3913184691011236 0.3882263869382022 0.40625 0.3896484375
4 0.44736141520700645 0.38110693670382173 0.4395588674363058 0.38082827428343957 0.4375000000000001 0.4384765625000001 0.4453025477707008 0.4387552249203822
4 0.404296875 0.5703125 0.3828125000000001 0.5703125 0.3828125000000001 0.6611328125 0.404296875 0.6611328125
4 0.515625 0.548828125 0.501953125 0.548828125 0.501953125 0.5810546875 0.515625 0.5810546875
4 0.5022578260047539 0.4730386033383752 0.4892578125000001 0.4726562500000001 0.48699998649524634 0.549422334161625 0.5000000000000001 0.5498046875000001
4 0.552734375 0.3085937500000001 0.54296875 0.3085937500000001 0.54296875 0.3662109375000001 0.552734375 0.3662109375000001
