4 0.2753906250000001 0.46484375 0.23828125000000008 0.46484375 0.23828125000000008 0.5029296875 0.2753906250000001 0.5029296875
4 0.23442583476027398 0.5003959760273973 0.2333877354452055 0.47236729452054804 0.20998234160958903 0.47323416095890425 0.21102044092465752 0.5012628424657535
4 0.31640625000000006 0.4638671875 0.2864971032303371 0.4610186973314607 0.28251185042134835 0.5028638518258427 0.3124209971910113 0.505712341994382
4 0.36886883697216893 0.48086237404030713 0.32714843750000006 0.46875 0.3170941548704415 0.5033814179462572 0.3588145543426104 0.5154937919865643
4 0.42017277324343516 0.46789819353264733 0.3618396247338539 0.46459631720191635 0.3589140957682755 0.5162806622604685 0.41724724427785664 0.5195825385911995
4 0.498494510135135 0.5202248733108108 0.4972867398648648 0.4682907516891892 0.43082559121621616 0.4698363597972973 0.43203336148648636 0.5217704814189188
4 0.5748520157849829 0.530773384172355 0.5677127773037542 0.47008985708191126 0.5086724082764505 0.4770357828498293 0.5158116467576792 0.537719309940273
4 0.67578125 0.48046875 0.58203125 0.48046875 0.58203125 0.5537109375 0.67578125 0.5537109375
4 0.8359375 0.48242187500000017 0.720703125 0.4824218750000001 0.720703125 0.5673828125000001 0.8359375 0.5673828125000002
4 0.9990234375000002 0.49414062500000017 0.884338530860996 0.4871191001037346 0.8791696382261411 0.5715443464730291 0.9938545448651454 0.5785658713692946
