4 0.3152669756482365 0.17334162122545801 0.3134347189793817 0.10628102714537206 0.07902125557602793 0.11268576658262217 0.08085351224488274 0.17974636066270813
4 0.14149891651459856 0.201063526459854 0.00007983576642338064 0.19724138914233577 -0.0012417312956204108 0.2461393704379562 0.14017734945255475 0.2499615077554745
4 0.06054687500000004 0.29296875 3.856919850830287e-17 0.29296875 4.14992616507941e-17 0.3408203125 0.06054687500000004 0.3408203125
4 0.2411392631880734 0.4605253727064221 0.23750895928899088 0.3407253440366973 0.08465452981651378 0.34535729644495416 0.08828483371559634 0.46515732511467894
4 0.2359537324061663 0.30871942024128696 0.08624539209115285 0.3013567149798928 0.08466665968498663 0.3334576072386059 0.23437500000000006 0.34082031250000006
4 0.1513688238938738 0.4739004865949877 0.11098004331683171 0.44085512066831684 0.08896387685643566 0.4677637685643565 0.12935265743347774 0.5008091344910273
4 0.07421875000000007 0.576171875 0.0009765625000000705 0.576171875 0.0009765625000000735 0.6259765625 0.07421875000000007 0.6259765625
4 0.24804687500000008 0.619140625 0.044921875000000076 0.619140625 0.04492187500000008 0.6904296875 0.24804687500000008 0.6904296875
4 0.1972656250000001 0.759765625 9.537654514843889e-17 0.759765625 1.1002686086089502e-16 0.9990234375 0.19726562500000014 0.9990234375
4 0.04350212464589245 0.6758404523725212 8.049116928532385e-17 0.6748046874999999 -0.0019509118271954008 0.7567429842422096 0.04155121281869697 0.757778749114731
4 0.5032504874578415 0.42509222175379435 0.5014722544266442 0.2881682783516021 0.24116713216694768 0.29154886435497473 0.24294536519814497 0.42847280775716695
4 0.37648331925675677 0.5335092905405405 0.37438027871621615 0.44307854729729723 0.18039907094594596 0.44758973817567566 0.18250211148648648 0.538020481418919
4 0.5431214330456571 0.58449679844098 0.35974344028396443 0.5817598134743875 0.35913662305122507 0.6224165680679288 0.5425146158129177 0.6251535530345211
4 0.471394496681416 0.6527153622787611 0.28472414269911506 0.6402706720132744 0.27856229258849563 0.7326984236725664 0.4652326465707965 0.7451431139380531
4 0.3105468750000001 0.787109375 0.18554687500000008 0.787109375 0.18554687500000008 0.8408203125 0.3105468750000001 0.8408203125
4 0.42428936626830505 0.9985174857452448 0.4236147639286315 0.9249858307208381 0.2554093113533075 0.92652900001052 0.256083913692981 1.0000606550349267
4 0.6035156250000001 0.72265625 0.4785156250000001 0.72265625 0.47851562500000017 0.7724609375 0.6035156250000002 0.7724609375
4 0.642578125 0.416015625 0.474609375 0.416015625 0.474609375 0.4638671875 0.642578125 0.4638671875
4 0.721155255120928 0.5506192929417573 0.720119886784304 0.5040277177936823 0.5487201536278381 0.5078366007527148 0.549755521964462 0.5544281759007899
4 0.7816311233108109 0.4533382601351351 0.6719974662162163 0.4507886402027027 0.6711486486486486 0.4872877956081082 0.7807823057432433 0.4898374155405406
4 1 0.4931640625 0.9970703125 0.35351562499999994 0.9061329537955812 0.35542340175603676 0.9090626412955812 0.49507183925603676
4 0.8984375 0.48828125000000017 0.814453125 0.48828125000000017 0.814453125 0.5107421875000002 0.8984375 0.5107421875000002
4 0.7172205528846154 0.5773347355769232 0.5946604567307693 0.5705258413461538 0.5921183894230769 0.6162830528846153 0.714678485576923 0.6230919471153846
4 0.62890625 0.642578125 0.544921875 0.642578125 0.544921875 0.6708984375 0.62890625 0.6708984375
4 0.8132812500000002 0.5619140625000002 0.7328906250000001 0.5504296875000001 0.7289843750000001 0.5777734375000002 0.8093750000000002 0.5892578125000003
4 0.9510210909227986 0.532243054508444 0.9367425456121833 0.5011662205971049 0.8629078238088057 0.5350902819662243 0.8771863691194209 0.5661671158775634
4 0.9842082698170731 0.6645865091463417 0.9168969131097562 0.6571074695121952 0.9135623094512196 0.6871189024390245 0.9808736661585366 0.6945979420731709
4 0.9907433909242297 0.6509183427872607 0.9900294676311405 0.615936101425895 0.9097057790383014 0.6175753603767693 0.9104197023313905 0.6525576017381349
4 1 0.5761718750000002 0.94921875 0.5761718750000002 0.94921875 0.6025390625000002 1 0.6025390625000002
4 0.9059914243251928 0.7124512973971723 0.7841324911632394 0.7041427337724937 0.7817375281169668 0.739268858451157 0.9035964612789205 0.7475774220758356
4 0.8868065037613355 0.6391790756389119 0.7669211794105524 0.6269458792765871 0.7630608189921682 0.664777411376752 0.8829461433429513 0.6770106077390767
4 1 0.7431640625000002 0.9375 0.7431640625000002 0.9375 0.8154296875 1 0.8154296875
4 0.6723551881906078 0.6930248618784531 0.6312478418508287 0.6908613173342542 0.6298882078729282 0.7166943629143647 0.6709955542127072 0.7188579074585636
4 0.763671875 0.6699218750000001 0.669921875 0.669921875 0.669921875 0.7021484375000001 0.763671875 0.7021484375000002
4 0.6113281250000002 0.857421875 0.5371093750000002 0.857421875 0.5371093750000002 0.90234375 0.6113281250000002 0.90234375
4 0.7234923441977077 0.9099978733882523 0.7217211004656161 0.8751634133237823 0.6289062500000001 0.8798828125000002 0.6306774937320918 0.9147172725644701
