4 0.20353167050283288 0.3334864111189802 0.15136995396600567 0.18859275407223797 0.02680982206090652 0.23343440155807366 0.07897153859773373 0.3783280586048159
4 0.05592853280376303 0.41378386164424974 0.052947928866933655 0.2995273773991235 -0.0009725777353785658 0.3009339993104882 0.0020080262014508105 0.41519048355561444
4 0.5927734375 0.171875 0.4912109375 0.07031250000000004 0.3544921875 0.20703125000000008 0.4560546875 0.30859375
4 0.4883577641752577 0.0573473743556701 0.4858227287371134 0.0015765947164948445 0.3745469555412371 0.0066345844072164956 0.37708199097938144 0.06240536404639174
4 0.6922809299264281 0.15915466766445485 0.539756631383439 -0.026976679710040318 0.4718460355957875 0.02867228072706296 0.6243703341387766 0.21480362810155812
4 0.951171875 1.1056503572380158e-16 0.6640625 9.298465686885422e-17 0.6640625 0.1451055484375001 0.951171875 0.14510554843750012
4 0.7744463260475423 0.1459579283340049 0.7179733141116035 0.07491123589846901 0.659141128626108 0.12167528077155523 0.7156141405620468 0.1927219732070911
4 0.697265625 0.17285156250000006 0.6884765624999999 0.16992187500000006 0.6873046875 0.17343750000000008 0.69609375 0.17636718750000008
4 0.8032051194692846 0.14807281243072062 0.7882875096560531 0.09939114065079604 0.7462462046874999 0.11227393125000004 0.7611638145007315 0.16095560302992465
4 0.6250000000000001 0.09082031250000008 0.6011784585674158 0.08532303370786525 0.5948253160112359 0.11285331811797761 0.6186468574438202 0.11835059691011245
4 0.3587864383397313 0.28649269733685223 0.3431651871401152 0.23268616542706333 0.23927093330134355 0.26284901331573896 0.25489218450095963 0.31665554522552786
4 0.36433212252846015 0.2770903937612343 0.33919309841222284 0.21916133818903533 0.22804870056920307 0.26739381272468543 0.2531877246854404 0.3253228682968844
4 0.23508007002074685 0.5255932313278009 0.19300278786307054 0.3678034232365145 0.06426672717842323 0.40213303941908707 0.10634400933609955 0.5599228475103735
4 0.27539062500000006 0.34765625 0.220703125 0.34765625 0.22070312500000006 0.3876953125 0.2753906250000001 0.3876953125
4 0.12452184906639001 0.5895155277489627 0.10700045383817428 0.5238102956431535 0.025066454875518663 0.545659362033195 0.04258785010373443 0.6113645941390041
4 0.32605337078651686 0.5964119557584271 0.319386411516854 0.5264088834269663 0.1976299157303371 0.5380047401685394 0.20429687500000004 0.6080078125000001
4 0.2859375 0.5025390625 0.2841190732758621 0.47162580818965505 0.24977101293103451 0.4736462823275861 0.25158943965517244 0.5045595366379311
4 0.5646033653846153 0.486102764423077 0.5230618990384615 0.27839543269230776 0.4160156250000001 0.2998046875 0.4575570913461539 0.5075120192307693
4 0.7402455340792559 0.27069436941473785 0.6147499565082039 0.25554835143202465 0.5915782714986815 0.4475423129394961 0.7170738490697335 0.4626883309222093
4 0.838215257039249 0.3201898464163823 0.8221789675767918 0.24292408809726962 0.7327245093856655 0.26149010772184295 0.7487607988481229 0.33875586604095564
4 0.900390625 0.3125000000000001 0.830078125 0.3125000000000001 0.830078125 0.3564453125000001 0.900390625 0.3564453125000001
4 0.9759471318493151 0.30272099743150693 0.9418075770547947 0.28720301797945214 0.9218081121575343 0.3312018407534248 0.9559476669520548 0.34671982020547953
4 0.5850112757731959 0.5694668170103094 0.5105307667525774 0.5363643685567012 0.47549532860824756 0.6151941043814434 0.549975837628866 0.6482965528350517
4 0.6398773387738854 0.45941107683121024 0.591320412022293 0.45767690087579627 0.5878682324840765 0.55433792794586 0.6364251592356689 0.5560721039012739
4 0.5125297108790525 0.6810464074189527 0.426604387468828 0.5860763131234414 0.3506589970386534 0.6547888092269327 0.43658432044887785 0.749758903522444
4 0.2578125000000001 0.611328125 0.22656250000000008 0.611328125 0.22656250000000008 0.6708984375 0.2578125000000001 0.6708984375
4 0.36597232041855204 0.6180359162895929 0.3648985435520362 0.5954866020927603 0.3358535421380091 0.5968696973981902 0.33692731900452494 0.6194190115950228
4 0.48052828763940525 0.5605461489312267 0.46491417867100376 0.5155407760223049 0.3743697723048327 0.5469541414962825 0.3899838812732342 0.5919595144052044
4 0.32607092696629214 0.5965962956460674 0.319386411516854 0.5264088834269663 0.2747761587078652 0.5306574789325843 0.2814606741573034 0.6008448911516855
4 0.3580866261630754 0.7709143150097943 0.32223119184622917 0.6935420620102841 0.20246694417238 0.7490425670298728 0.23832237848922624 0.8264148200293832
4 0.6922707479508198 0.6731077100409836 0.6684106045081968 0.5717021004098359 0.5546490778688525 0.598469518442623 0.5785092213114755 0.6998751280737705
4 0.8720703125 0.5566406250000002 0.830078125 0.5146484375 0.7412109374999999 0.6035156250000001 0.783203125 0.6455078125000002
4 1.095141767477347 0.8078593985967786 0.9709060572929775 0.5907606323150013 0.5618823543292223 0.824826219560156 0.6861180645135917 1.0419249858419333
4 0.7756517328128338 0.7057567574753233 0.6993664783038335 0.6803092264353655 0.647076277025617 0.8370620095078021 0.7233615315346174 0.86250954054776
4 0.8242167182589941 0.9430790911396713 0.7743663890625001 0.7720335468749999 0.6453009086707684 0.8096490060387636 0.6951512378672624 0.9806945503034349
4 0.6481502757352942 0.7365004595588236 0.5213120404411765 0.7047909007352942 0.4907513786764707 0.8270335477941178 0.6175896139705883 0.8587431066176471
4 0.5764980314054153 0.9988460049617792 0.5759134609849881 0.8626410970022104 0.30223790926045313 0.8638156701855774 0.30282247968088044 1.0000205781451463
4 0.42732945884146345 0.7692692454268294 0.3967463795731708 0.7310403963414634 0.316477705792683 0.7952553353658537 0.3470607850609756 0.8334841844512196
4 0.3230206669329073 0.9514932358226836 0.319491937899361 0.8632750099840255 0.22019768370607026 0.8672467801517572 0.22372641273961658 0.9554650059904153
4 0.649453125 0.9846484375 0.6426953124999999 0.9373437499999998 0.5683203125 0.9479687499999999 0.5750781249999999 0.9952734374999999
4 0.23511337652439038 0.8644483612804879 0.20977038871951229 0.8327696265243902 0.1620141006097561 0.870974657012195 0.1873570884146342 0.9026533917682927
