4 0.97265625 0.46093750000000017 0.8671875 0.46093750000000017 0.8671875 0.6689453125000002 0.97265625 0.6689453125000002
4 0.85584375 0.5858281250000001 0.8035937499999999 0.5763281250000001 0.7638281250000001 0.7950390625 0.8160781250000001 0.8045390625
4 0.8223471744985144 0.3751529415861814 0.7648817677377415 0.3741621587109957 0.7615533293090639 0.5672115875742942 0.8190187360698367 0.56820237044948
4 0.9301737828274215 0.31759997442019117 0.8916921576568895 0.28442615961800827 0.8188163476296042 0.36896209924965895 0.8572979728001364 0.40213591405184185
4 0.720703125 0.53125 0.67578125 0.53125 0.67578125 0.6337890625 0.720703125 0.6337890625
4 0.6418658088235295 0.7229319852941178 0.6228400735294117 0.7187040441176472 0.6040211397058823 0.8033892463235295 0.6230468750000001 0.8076171875000002
4 0.7261603860294119 0.772116268382353 0.7004250919117647 0.7656824448529413 0.6862936580882353 0.8222081801470589 0.7120289522058825 0.8286420036764707
4 0.5940014982876713 0.6958529537671234 0.5743792808219179 0.6937874571917809 0.5694830907534247 0.7403012628424659 0.5891053082191783 0.7423667594178083
4 0.6530905330882354 0.36908318014705893 0.6310317095588236 0.36356847426470595 0.6104090073529412 0.4460592830882354 0.632467830882353 0.4515739889705884
4 0.5078125 0.63671875 0.4921875 0.63671875 0.4921875 0.6748046875 0.5078125 0.6748046875
4 0.5857421875 0.63046875 0.5681640625 0.624609375 0.5542968749999999 0.6662109375 0.5718749999999999 0.6720703125
4 0.43407771017699126 0.6224937776548672 0.4242187500000001 0.619921875 0.4096895741150443 0.6756170492256638 0.4195485342920355 0.6781889518805311
4 0.5536953816371681 0.5737900995575222 0.5385094026548674 0.569828539823009 0.523430586283186 0.6276306692477877 0.5386165652654868 0.6315922289823009
4 0.5269158181179775 0.45400280898876416 0.5106544066011236 0.45025017556179786 0.49294461025280895 0.5269926264044945 0.5092060217696629 0.5307452598314608
4 0.7849034926470588 0.2610983455882354 0.7489728860294116 0.24596966911764712 0.7239361213235292 0.3054319852941177 0.7598667279411764 0.320560661764706
