4 0.2403228180094973 0.25605511792947844 0.22970750472242626 0.17050818143955296 -0.01040798975495855 0.20030353476886348 0.00020732353211249665 0.285850471258789
4 0.09086836829964853 0.3386406387302285 0.06329120441564148 0.29621423275483305 -0.017648492420913865 0.348825035698594 0.009928671463093175 0.3912514416739895
4 0.40600764142335777 0.3845874201642336 0.38105896441605847 0.31597855839416056 0.2178090784671533 0.3753421532846715 0.24275775547445258 0.4439510150547445
4 0.24581801470588233 0.39381893382352945 0.09505974264705885 0.3603170955882353 0.05919117647058829 0.5217256433823529 0.20994944852941178 0.555227481617647
4 0.5263671875 0.3066406250000001 0.37109375 0.3066406250000001 0.37109375000000006 0.3779296875000001 0.5263671875 0.3779296875000001
4 0.502734375 0.4312500000000001 0.49289981617647066 0.3869944852941176 0.3024356617647059 0.42931985294117647 0.31227022058823534 0.4735753676470589
4 0.4008611470962064 0.5435656867178336 0.3704318873435667 0.46201527058075886 0.1833034928627298 0.5318392983721159 0.21373275261536956 0.6133897145091906
4 0.1210102059248555 0.7041444635115608 0.09870167991329479 0.6607015444364162 0.025141121748554873 0.698475885115607 0.04744964776011558 0.7419188041907515
4 0.3033988402061856 0.7295223904639176 0.2722696520618557 0.6594817171391754 0.08199097938144342 0.7440500161082475 0.11312016752577332 0.8140906894329898
4 0.11679687500000002 0.8615234375 0.10535156249999997 0.7814062499999999 0.05859374999999998 0.7880859374999999 0.07003906250000003 0.868203125
4 0.30078125 0.9990234375 0.30002251748803455 0.8510705976667282 0.087568168818703 0.8521601071470837 0.08832690133066849 1.0001129469803556
4 0.3998518318965517 0.8697467672413793 0.37937769396551724 0.818561422413793 0.26151670258620685 0.8657058189655172 0.2819908405172413 0.9168911637931035
4 0.49268010232300885 0.7603187223451328 0.48768494192477874 0.6853913163716814 0.3322559457964602 0.6957532494469026 0.33725110619469023 0.770680655420354
4 0.4455078125 0.5953125 0.434765625 0.5630859374999999 0.3697265625 0.584765625 0.38046875 0.6169921875
4 0.5670478903429602 0.6039281080776174 0.5604552120938628 0.573601788131769 0.445150327166065 0.598668067463899 0.45174300541516255 0.6289943874097472
4 0.6303668646007446 0.4274319537304362 0.6187521368333081 0.38297558193093756 0.4643654851561313 0.4233108332700198 0.47598021292356785 0.4677672050695184
4 0.7260577598314606 0.4994403967696629 0.7153594627808989 0.45308110955056186 0.548608672752809 0.4915620610955056 0.5593069698033708 0.5379213483146066
4 0.7664513221153847 0.4211237980769231 0.7599158653846154 0.3884465144230769 0.6539963942307693 0.40963040865384615 0.6605318509615385 0.44230769230769235
4 0.836707344890511 0.4952811359489052 0.8253592609489051 0.464073905109489 0.7362069457116787 0.49649292883211676 0.7475550296532847 0.5277001596715329
4 0.8875450721153845 0.414813701923077 0.8813701923076922 0.3921724759615385 0.802373798076923 0.41371694711538465 0.8085486778846154 0.43635817307692315
4 0.9814912033952463 0.3739440844936365 0.9461254699567606 0.24157519648101816 0.8619059041186228 0.26407660720113135 0.8972716375571086 0.39644549521374967
4 0.943359375 0.4228515625 0.9209859913793104 0.396410290948276 0.8584725215517242 0.4493063038793105 0.8808459051724137 0.4757475754310345
4 1.0000486497899927 0.5730748379291454 0.9990234375 0.4531249999999999 0.9290999931519357 0.45372263627647913 0.9301252054419284 0.5736724742056245
4 0.7350084459459459 0.5713946368243243 0.7274704391891892 0.5236539273648648 0.6074165962837839 0.5426097972972972 0.6149546030405405 0.5903505067567567
4 0.6668239480198018 0.6362527073019801 0.6606106899752474 0.6087368502475249 0.57734375 0.6275390625000001 0.5835570080445545 0.6550549195544555
4 0.6654098405023093 0.733240112586605 0.652048751443418 0.6889375541281756 0.5325824552540415 0.724967072026559 0.545943544312933 0.7692696304849884
4 0.7178485576923077 0.6722506009615385 0.7123647836538463 0.6448317307692308 0.6691706730769231 0.6534705528846155 0.6746544471153847 0.6808894230769231
4 0.805078125 0.6271484375 0.7945312499999999 0.5955078125 0.7072265624999999 0.6246093749999999 0.7177734374999999 0.65625
4 0.5375173241089244 0.9988893439370579 0.5370006121893706 0.9446345923839106 0.419674944449483 0.9457519796957191 0.42019165636903677 1.0000067312488663
4 0.6438653178014239 0.9789848246743412 0.6384242582740078 0.9563614719024537 0.5354973516548015 0.9811160443804907 0.5409384111822175 1.0037393971523783
4 0.6892578125 0.941796875 0.674609375 0.8978515625 0.5732421875 0.931640625 0.587890625 0.9755859375
4 0.8130500422297298 0.8434565033783784 0.8023722550675677 0.8097804054054055 0.716796875 0.8369140625 0.7274746621621621 0.8705901604729729
4 0.7056640625 0.86015625 0.6912109375 0.816796875 0.6185546875 0.841015625 0.6330078125 0.884375
4 0.9107193083355722 0.5861043709699086 0.9100066958288554 0.5426350080601827 0.7906099921077379 0.5445923310720043 0.7913226046144547 0.5880616939817302
4 0.9507911018284994 0.6390356537673394 0.943177362468474 0.6041727419609079 0.8228821031683481 0.6304441204287515 0.8304958425283733 0.6653070322351831
