4 0.88671875 0.9990234374999998 0.886162372744197 0.8471324466657721 0.6128000836492017 0.8481337737320542 0.6133564609050047 1.0000247645662819
4 0.6222956730769232 0.8917518028846155 0.552142251131222 0.8884111637443439 0.5468750000000002 0.9990234375 0.6170284219457015 1.0023640766402715
4 0.6096834802572635 0.8696147196579419 0.6090653948147319 0.7923540393414823 0.4193275380375656 0.7938719421956996 0.4199456234800973 0.8711326225121594
4 0.4990234375000001 0.24023437500000008 0.43557691596663517 0.23925827466871752 0.4354710793303361 0.2461376560281591 0.49891760086370096 0.24711375635944166
4 0.5527343749999999 0.3212890625 0.5526513587736932 0.3163911051479035 0.494140625 0.3173828125 0.49422364122630674 0.3222807698520965
4 0.5422636281948882 0.2567860173722044 0.5419921875 0.25 0.5097001048322684 0.25129168330670926 0.5099715455271565 0.2580777006789137
4 0.6115717580561331 0.19993543724012477 0.6110357653326404 0.18331966281185033 0.5681116813929313 0.1847043106808732 0.5686476741164241 0.20132008510914767
4 0.69921875 0.3281250000000001 0.599609375 0.3281250000000001 0.599609375 0.3505859375000001 0.69921875 0.3505859375000001
4 0.6457469139234876 0.2997817504448398 0.6455078125 0.28710937500000006 0.5898083018238435 0.2881603091637011 0.5900474032473311 0.30083268460854085
4 0.728515625 0.2451171875 0.7283245407472939 0.2357540591174022 0.6776441181827644 0.23678835345545385 0.6778352024354705 0.24615148183805163
4 1.0130468750000001 0.3139453125000002 0.7836328124999999 0.2811718750000001 0.7701171875 0.3757812500000002 0.9995312500000001 0.40855468750000024
4 0.9548001254562044 0.48587192062043805 0.8405679744525548 0.3952740077554745 0.8033516765510947 0.4421989051094891 0.9175838275547445 0.5327968179744527
4 0.860610303510598 0.5166917522236943 0.750963255819455 0.5014629955999245 0.7435965296177139 0.5545034242524604 0.8532435773088569 0.5697321808762302
4 0.7180208922511313 0.6028527997737557 0.7109419188348417 0.4541943580316742 0.6046910350678734 0.4592539239253394 0.611770008484163 0.6079123656674209
4 0.719292064180399 0.47823273525585447 0.6089447365568084 0.45148186795316575 0.5995128198178665 0.49038852450130116 0.7098601474414572 0.5171393918039897
4 0.4257812500000001 0.42871093750000017 0.3674675294578115 0.42553018910678986 0.3661755314765986 0.44921681876235997 0.4244892520187872 0.4523975671555703
4 0.492424383174792 0.4149856476664685 0.49199706450653985 0.39746558226813317 0.44510232424197377 0.3986093564209275 0.4455296429102259 0.4161294218192628
4 0.548828125 0.5625 0.427734375 0.5625 0.427734375 0.6123046875 0.548828125 0.6123046875
4 0.3078680999087592 0.47861969662408754 0.20311787180656937 0.4665331318430656 0.19810104927007305 0.5100122604927007 0.3028512773722628 0.5220988252737225
4 0.3095593688200396 0.477414175799275 0.24023437500000006 0.4736328125000001 0.23857737310481214 0.5040111805784444 0.3079023669248517 0.5077925438777193
4 0.18431660053393797 0.49933829176418953 0.17451840440315972 0.45637697026770024 0.10276420329871268 0.47274196350204784 0.11256239942949094 0.5157032849985371
4 0.1447265625 0.6050781249999999 0.128125 0.5552734375 0.030859375 0.5876953125 0.0474609375 0.6375
4 0.0759765625 0.7289062499999999 0.055078125 0.6662109374999999 -0.0169921875 0.690234375 0.00390625 0.7529296874999999
4 0.35476986821086265 0.6825111072284346 0.1896434454872205 0.6759060503194888 0.1851131938897764 0.7891623402555911 0.35023961661341857 0.7957673971645367
4 0.5885172248293515 0.7563026610494881 0.5782849829351535 0.6693286049488054 0.45680460750853247 0.6836204138225256 0.4670368494027303 0.7705944699232082
4 0.8724419247787611 0.6520585591814159 0.8678443030973453 0.5830942339601769 0.7724350110619468 0.5894548534292035 0.7770326327433628 0.6584191786504425
4 0.08097337365174466 0.9135694275108278 0.03126430006858856 0.8835089204108693 -0.02825711361665908 0.9819355478398366 0.021451959966497024 1.0119960549397953
