4 0.2521709797951841 0.16988484509064491 0.2517174309784113 0.13133319566495988 0.07993514089745364 0.13335416378355935 0.0803886897142264 0.1719058132092444
4 0.14156034977064222 0.20253189506880737 0.00005913130733947447 0.19824397935779817 -0.001388689793577956 0.2460220756880734 0.1401125286697248 0.2503099913990826
4 0.23535333003393671 0.29679192590497744 0.0000459558823529764 0.2917853860294118 -0.0010074943438913673 0.3412975466628959 0.23429987980769237 0.34630408653846156
4 0.24791211919901301 0.31208266480615926 0.08838358655808108 0.3043812873683211 0.08091835614975804 0.45901820296929874 0.24044688879068996 0.4667195804071368
4 0.5014272836538463 0.34405048076923084 0.4846003605769232 0.2599158653846154 0.2261868990384616 0.31159855769230765 0.24301382211538464 0.3957331730769231
4 0.39110718466231553 0.5077304731838821 0.37250150751986383 0.4229712773127129 0.17366961372020434 0.4666173027809307 0.19227529086265607 0.5513764986520999
4 0.07421875000000007 0.576171875 0.0009765625000000705 0.576171875 0.0009765625000000737 0.6279296875 0.07421875000000007 0.6279296875
4 0.25134844464013706 0.6795744478293984 0.244379373333968 0.6084899205064738 0.04208813309215538 0.6283223950399848 0.04905720439832445 0.6994069223629094
4 0.20312500000000008 0.759765625 9.537654514843889e-17 0.759765625 1.1002686086089502e-16 0.9990234375 0.20312500000000008 0.9990234375
4 0.04296875000000008 0.673828125 8.748331382580946e-17 0.673828125 9.244648200594765e-17 0.7548828125 0.04296875000000009 0.7548828125
4 0.3105468750000001 0.787109375 0.18554687500000008 0.787109375 0.18554687500000008 0.8427734375 0.3105468750000001 0.8427734375
4 0.44682684075342466 0.6740903253424658 0.2853756421232877 0.6570954623287671 0.277836044520548 0.7287216395547945 0.43928724315068496 0.7457165025684932
4 0.42744944279925196 0.5398783315149626 0.3523442370635911 0.5361230712281795 0.3501816747194514 0.5793743181109725 0.4252868804551123 0.5831295783977556
4 0.53515625 0.5859375 0.408203125 0.5859375 0.408203125 0.615234375 0.53515625 0.615234375
4 0.64453125 0.41796875 0.474609375 0.41796875 0.474609375 0.46484375 0.64453125 0.46484375
4 0.7212193834459459 0.5505194256756757 0.7201361908783783 0.5039421452702703 0.5487172719594594 0.5079286317567567 0.549800464527027 0.5545059121621622
4 0.7815512303416485 0.4533143811008677 0.6701493865238611 0.45099350935466387 0.6693994882049892 0.48698862866052073 0.7808013320227766 0.4893095004067246
4 0.716796875 0.572265625 0.595703125 0.572265625 0.595703125 0.619140625 0.716796875 0.619140625
4 0.6039764512900356 0.7714941058718862 0.6030297764679716 0.7213203403024911 0.47789006895017794 0.7236814668594306 0.47883674377224195 0.7738552324288256
4 0.62890625 0.642578125 0.544921875 0.642578125 0.544921875 0.6708984375 0.62890625 0.6708984375
4 0.8984375 0.48828125000000017 0.814453125 0.48828125000000017 0.814453125 0.5107421875000002 0.8984375 0.5107421875000002
4 0.9474420496811902 0.5326914934245485 0.933028153227949 0.5031050743889479 0.8645058448459085 0.5364877374468651 0.8789197412991498 0.5660741564824656
4 1 0.4931640625000001 0.9990234375 0.4277343750000001 0.9098408790367483 0.4290654579621382 0.9108174415367483 0.4944951454621382
4 0.8125 0.5546875000000002 0.73046875 0.5546875000000002 0.73046875 0.5830078125000002 0.8125 0.5830078125000002
4 1.0128460570469797 0.40604682256711405 0.9815108536073825 0.3612822462248321 0.9554254928691275 0.3795419987416107 0.9867606963087248 0.4243065750838927
4 0.990234375 0.6171875000000002 0.91015625 0.6171875000000002 0.91015625 0.6513671875000002 0.990234375 0.6513671875000002
4 1 0.5761718750000002 0.94921875 0.5761718750000002 0.94921875 0.6025390625000002 1 0.6025390625000002
4 0.905956167035398 0.7124153069690266 0.7839722759955753 0.7042830475663717 0.7816475387168141 0.7391541067477877 0.903631429756637 0.7472863661504425
4 0.886767094678218 0.639164990717822 0.7668722926980198 0.6271755105198021 0.7631014077970297 0.664884359529703 0.8829962097772279 0.6768738397277229
4 0.7636718749999999 0.6767578125 0.6709111055059094 0.6689346150727875 0.6685503522268664 0.6969264039528682 0.7613111217209569 0.7047496013800807
4 1 0.7431640625000002 0.9375 0.7431640625000002 0.9375 0.8095703125 1 0.8095703125
4 0.6113281250000002 0.857421875 0.5371093750000002 0.857421875 0.5371093750000002 0.90234375 0.6113281250000002 0.90234375
4 0.4284887362897126 0.9893372967095313 0.42234363180786694 0.9182296591338883 0.2500673695158851 0.9331177311838126 0.2562124739977308 1.0042253687594556
4 0.7234923441977077 0.9099978733882523 0.7217211004656161 0.8751634133237823 0.6289062500000001 0.8798828125000002 0.6306774937320918 0.9147172725644701
4 1.000206222634249 0.9990221566140731 0.9999813141347118 0.9628118881886044 0.8416023310315561 0.9637956085805494 0.8418272395310933 1.000005877006018
