4 0.4035456730769231 0.05356069711538467 0.36673677884615385 0.04619891826923081 0.34277343749999994 0.16601562500000006 0.3795823317307692 0.17337740384615388
4 0.4658203125 4.4408920985006264e-17 0.4379854191090269 -0.0033944991940210723 0.4310533136723329 0.05344876538686991 0.458888207063306 0.05684326458089103
4 0.46543365323604063 0.09037416719543152 0.423932225571066 0.0874097795050762 0.415455464784264 0.20608443052030462 0.4569568924492386 0.20904881821065993
4 0.5107421875 6.661338147750939e-17 0.4789100559123117 -0.004740955768379041 0.46790231953055794 0.06916813136625338 0.49973445111824627 0.07390908713463248
4 0.5556640625 6.661338147750939e-17 0.5319416983360724 -0.00757096728635982 0.5163784857744455 0.041193765406737956 0.540100849938373 0.04876473269309785
4 0.48101562500000006 0.27253906250000004 0.43316406249999995 0.26570312500000004 0.4159765624999999 0.38601562500000003 0.46382812500000004 0.3928515625000001
4 0.5292600235849056 0.18469929245283026 0.5024321933962265 0.1770341981132076 0.4804318985849057 0.2540352299528303 0.5072597287735849 0.2617003242924529
4 0.6158809399557957 0.1184441766944991 0.590977636910609 0.11278433509332028 0.5724920186640471 0.1941210553781926 0.5973953217092338 0.1997808969793714
4 0.5939813552057357 0.05689633338528686 0.5715764300187033 0.05577608712593522 0.5682765741895262 0.12177320370947638 0.5906814993765586 0.122893449968828
4 0.6953125 0.03808593750000009 0.6376953125 0.02343750000000009 0.6163590292768484 0.10736021401106322 0.6739762167768484 0.12200865151106322
4 0.7670477078045684 0.07383209073604058 0.7249662912436549 0.02527661008883251 0.6985693607233502 0.04815394987309651 0.7406507772842639 0.09670943052030459
4 0.29296875000000006 0.3359375 0.24609375000000006 0.3359375 0.24609375000000008 0.4228515625 0.2929687500000001 0.4228515625
4 0.35546875 0.28125 0.326171875 0.28125 0.326171875 0.32421875 0.35546875 0.32421875
4 0.3551682692307693 0.22318209134615388 0.3318810096153846 0.21852463942307696 0.3210637019230769 0.2726111778846154 0.34435096153846156 0.2772686298076924
4 0.40185905027506125 0.19626518566625922 0.3706281517420538 0.19158055088630813 0.35627339929706603 0.28727890051955995 0.38750429783007345 0.291963535299511
4 0.19560219169463094 0.18998794043624165 0.16097289219798658 0.17969274328859064 0.13447069001677853 0.268836514261745 0.16909998951342287 0.279131711409396
4 0.17811895940721653 0.29720320554123714 0.12956870167525777 0.2949963756443299 0.1263249033505155 0.36635993878865986 0.17487516108247425 0.36856676868556704
4 0.054687500000000056 0.451171875 0.001953125000000057 0.451171875 0.0019531250000000638 0.5673828125 0.05468750000000007 0.5673828125
4 0.1811054094645869 0.6160149662731873 0.13577183020657677 0.5940793634064081 0.08056228920741995 0.7081790814713324 0.12589586846543005 0.7301146843381114
4 0.14509801494975497 0.9039588174007473 0.14400794476449186 0.6848547101628633 0.002929735842285049 0.6855565917992921 0.004019806027548139 0.9046606990371762
4 0.3216337316176472 0.5113166360294119 0.25224034926470595 0.4939682904411765 0.21248851102941185 0.6529756433823529 0.2818818933823531 0.6703239889705882
4 0.3385627987438863 0.7249220139506448 0.266976295020009 0.6916259657069809 0.17842999666518455 0.8820005071698533 0.25001650038906187 0.9152965554135172
4 0.21187392979452063 0.8905179794520549 0.12830158390410967 0.881720890410959 0.12345890410958915 0.927726348458904 0.20703125000000008 0.9365234375
4 0.3180011222375691 0.8924119475138124 0.2735648308011051 0.8801536602209946 0.2538134495856355 0.9517524171270718 0.2982497410220995 0.9640107044198896
4 0.4376346982758621 0.44106950431034486 0.4042968750000001 0.427734375 0.3546605603448277 0.551825161637931 0.38799838362068967 0.565160290948276
4 0.5575317084352079 0.28758118123471893 0.5122746026894865 0.2728463095965771 0.45812862927872855 0.43915179935819076 0.5033857350244499 0.4538866709963326
4 0.621484375 0.2419921875000001 0.5863281250000001 0.2302734375000001 0.5507812500000001 0.3369140625000001 0.5859375 0.3486328125000001
4 0.6237819448210413 0.38293960140997846 0.5745746339479394 0.36766836700108474 0.5236133236171367 0.5318770336225598 0.5728206344902387 0.5471482680314536
4 0.5276228588907017 0.6277375611745515 0.4409939590130508 0.6015854404567701 0.38742034563621547 0.7790480347675368 0.4740492455138664 0.8052001554853183
4 0.4396766295513654 0.5665916571846555 0.4086590234882966 0.5517032062743825 0.37906498902795843 0.6133574447334201 0.41008259509102735 0.6282458956436932
4 0.6987504837971923 0.5728359421730411 0.5858854780575984 0.5377846981545338 0.46691706836494146 0.9208629773648888 0.5797820741045354 0.9559142213833962
4 0.5876196712427746 0.5597622380780348 0.5574399385838152 0.5546096007947978 0.5267770050578037 0.7342067828757226 0.556956737716763 0.7393594201589597
4 0.6151580048876871 0.7947025140391016 0.46493961886439267 0.7634070169509153 0.4326773086522463 0.918266105969218 0.5828956946755408 0.9495616030574044
4 0.6832932692307694 0.9204477163461539 0.6434795673076924 0.9124849759615385 0.6260516826923078 0.9996243990384615 0.6658653846153848 1.007587139423077
4 0.8487690019828156 0.7813997438863186 0.778055678907799 0.7584656931592862 0.702770649165565 0.9905945348645077 0.7734839722405816 1.01352858559154
