4 0.13630617977528098 0.26273042485955056 0.052745347612359605 0.24256056882022467 0.021192503511236017 0.37327949438202246 0.10475333567415737 0.3934493504213483
4 0.059329044117647146 0.5533318014705881 0.0012178308823530327 0.5404181985294116 -0.005124080882352877 0.5689568014705882 0.05298713235294124 0.5818704044117646
4 0.072802868150685 0.5150647474315069 6.661338147750939e-17 0.4990234374999999 -0.006726776541095836 0.5295526541095891 0.06607609160958909 0.545593964041096
4 0.04694705058172538 0.4663601376276958 6.661338147750939e-17 0.4560546875 -0.005476952681611758 0.48100524971623154 0.04147009790011356 0.49131069984392733
4 0.17549092060810817 0.6277185388513515 0.05418602195945952 0.6075010557432433 0.0482474662162163 0.6431323902027029 0.16955236486486497 0.663349873310811
4 0.2107165260036497 0.5543239621350364 0.0911396555656935 0.5405266309306569 0.08643932481751831 0.5812628307481751 0.20601619525547452 0.5950601619525547
4 0.13910964439655177 0.43419989224137934 0.06391433189655175 0.40197332974137934 0.05068022629310347 0.4328529094827586 0.12587553879310348 0.46507947198275873
4 0.1986420854970327 0.41542447143916916 0.11714113501483685 0.39260420530415435 0.11083259922106828 0.4151346902818992 0.1923335497032641 0.43795495641691407
4 0.26315487132352944 0.4991383272058824 0.18365119485294124 0.4792624080882354 0.17675781250000006 0.5068359375 0.2562614889705883 0.5267118566176471
4 0.33966181506849324 0.4021190068493151 0.2410423801369863 0.3917380136986302 0.23767123287671232 0.4237639126712328 0.33629066780821926 0.4341449058219178
4 0.5397023168103448 0.4239628232758621 0.3809176229030755 0.3851487869874185 0.3690241291938491 0.43380398852516305 0.5278088231011183 0.47261802481360665
4 0.4537259615384615 0.49015925480769235 0.2824519230769231 0.4559044471153847 0.27336237980769235 0.5013521634615384 0.4446364182692307 0.5356069711538461
4 0.39271009290540554 0.5431535050675677 0.2729888091216217 0.5231999577702704 0.2651763091216217 0.5700749577702704 0.38489759290540554 0.5900285050675678
4 0.2934908245948523 0.6229897149070543 0.18359375000000006 0.6044921875000001 0.17889023772640614 0.6324365839489992 0.2887873123212584 0.6509341113560534
4 0.3273587740384616 0.6535907451923078 0.2855318509615386 0.6483623798076924 0.28239182692307707 0.6734825721153846 0.3242187500000001 0.6787109375
4 0.46177705699429045 0.7137795676998369 0.34005722369494296 0.7103018581769984 0.33860273501223503 0.7612089620717782 0.46032256831158247 0.7646866715946168
4 0.38183593750000006 0.841796875 0.30800781250000003 0.8171875 0.29335937500000003 0.8611328125000002 0.36718750000000006 0.8857421875
4 0.2851854600343574 0.8352846162590947 0.1963932712712208 0.8117808015864997 0.1870713230092968 0.8469970505759903 0.2758635117724334 0.8705008652485853
4 0.5673631501677854 0.5977676698825504 0.4366676279362417 0.5747037541946309 0.43131947357382555 0.6050099622483222 0.5620149958053692 0.6280738779362417
4 0.8064638640608324 0.38078454342315904 0.5607845017342583 0.2916920274146212 0.5289362660085379 0.3795159501734259 0.774615628335112 0.4686084661819637
4 0.6784071974647151 0.43608084487715626 0.5387551865525354 0.4100990754051228 0.533691151006273 0.4373182664662833 0.6733431619184527 0.46330003593831676
4 0.819140625 0.5279296875000001 0.6322265625000001 0.4656250000000002 0.6033203125000001 0.5523437500000001 0.790234375 0.6146484375000002
4 0.9497499398042036 0.40985565200429147 0.7918831302423681 0.381865082933044 0.7639020858224421 0.539678173461426 0.9217688953842776 0.5676687425326735
4 0.9203760480664028 0.7421881575071538 0.7249366491857432 0.6628513718229255 0.6971633826376031 0.7312684430756609 0.8926027815182629 0.810605228759889
4 0.9667968750000002 0.6962890625000002 0.8955078125 0.6777343750000002 0.8841663005272409 0.7213096578427067 0.9554553630272409 0.7398643453427067
4 0.6719586473492724 0.7244680678274429 0.5165337512993764 0.6781712902806654 0.4962732263513514 0.7461887668918921 0.6516981224012474 0.7924855444386696
4 0.7378167229729732 0.8589315878378381 0.6185494087837838 0.8222339527027028 0.6016997466216217 0.8769953547297298 0.720967060810811 0.9136929898648649
4 0.9126095981203649 0.9989106959711774 0.911851481962999 0.8510780452848051 0.6984856989296796 0.8521722287875401 0.6992438150870457 1.0000048794739125
4 0.5848206578038675 0.9460246892265195 0.34771020372928196 0.9335451916436466 0.34447837534530407 0.9949499309392268 0.5815888294198895 1.0074294285220997
4 1.0153245192307692 0.2095102163461539 0.7723106971153846 0.16090745192307698 0.7569861778846153 0.23753004807692307 0.9999999999999998 0.28613281250000006
