4 0.8292187500000001 0.0480078125000001 0.5525000000000001 0.008476562500000085 0.5316406250000001 0.1544921875000001 0.808359375 0.19402343750000012
4 0.8923214957372118 0.14032331369107331 0.7902359422016049 0.12056481945837519 0.7735687531344032 0.20667862963891684 0.8756543066700102 0.22643712387161496
4 0.8642578125000002 0.29882812500000017 0.798828125 0.23339843750000008 0.7060546875 0.3261718750000001 0.7714843750000002 0.39160156250000017
4 0.7603318032587548 0.27077760214007796 0.7404342473249027 0.2215573321984435 0.6416008025291828 0.26151127796692597 0.661498358463035 0.3107315479085604
4 0.5971864442567567 0.18819679054054073 0.4828241131756757 0.1288978040540542 0.4264812077702703 0.23755912162162174 0.5408435388513514 0.29685810810810825
4 0.6895562741519965 0.38709570564083295 0.605139175880206 0.2830467240500215 0.5258912757621296 0.34734219018355517 0.61030837403392 0.45139117177436655
4 0.7348281249999999 0.46528125 0.695296875 0.45809375 0.6830156250000001 0.5256406250000001 0.722546875 0.532828125
4 0.7482235228242323 0.4834351002559729 0.7107975149317407 0.4538882519197953 0.6689019837883959 0.5069559247013653 0.7063279916808876 0.5365027730375429
4 0.6333878800675674 0.4944679054054054 0.6322371199324324 0.4449852195945946 0.536358741554054 0.44721494932432426 0.5375095016891891 0.49669763513513515
4 0.6880877050339367 0.4300410067873305 0.6601562500000001 0.4287109375000001 0.6591001484728507 0.45088906957013586 0.6870316035067874 0.4522191388574662
4 0.89453125 0.5507812500000002 0.759765625 0.5507812500000002 0.759765625 0.7158203125000002 0.89453125 0.7158203125000002
4 0.970703125 0.5234375000000002 0.884765625 0.5234375000000002 0.884765625 0.5888671875000002 0.970703125 0.5888671875000002
4 0.7444561298076922 0.5767427884615386 0.7151141826923076 0.5539212740384618 0.696814903846154 0.5774489182692311 0.7261568509615384 0.6002704326923078
4 0.8150785854616895 0.5080254635314343 0.756179779592338 0.4709410302062869 0.7346858116404715 0.5050785087180747 0.7935846175098231 0.5421629420432221
4 0.7304687500000002 0.39160156250000017 0.6793453467153286 0.37301123403284686 0.6622947080291972 0.4199004904197082 0.7134181113138688 0.4384908188868614
4 0.9080078125 0.499609375 0.7837890625 0.458203125 0.759375 0.5314453125 0.88359375 0.5728515625000001
4 1.002158149171271 0.5029188967541437 0.9944265797651936 0.35601907803867405 0.7281001812845304 0.3700362569060774 0.7358317506906077 0.516936075621547
4 0.9714636338495575 0.723321695243363 0.8993962698464342 0.7103259410788653 0.8771513859968767 0.8336839333355023 0.94921875 0.8466796875
4 0.8851245777027026 0.8679740287162163 0.8487290714427662 0.7204764507154212 0.7172269351152623 0.7529250298092209 0.7536224413751986 0.900422607810016
4 0.6929113051470589 0.8037454044117649 0.6878676470588236 0.7381778492647059 0.5713694852941177 0.7471392463235295 0.5764131433823529 0.8127068014705884
4 0.5361328125000001 0.3710937500000001 0.458203125 0.3599609375 0.4466015625 0.44117187500000005 0.5245312500000001 0.4523046875
4 0.4886833639705882 0.302389705882353 0.3733915441176471 0.27676930147058826 0.35041360294117646 0.38017003676470595 0.4657054227941176 0.4057904411764707
4 0.4621783088235295 0.01241957720588242 0.3205101102941177 -0.0022357536764705645 0.29378446691176474 0.25611213235294117 0.43545266544117656 0.27076746323529416
4 0.5639102436102236 0.04209202775559105 0.5622722394169328 0.0011419229233226886 0.48372603833865807 0.004283770966453668 0.48536404253194887 0.04523387579872203
4 0.24979604535398234 0.03951880530973455 0.08799778761061948 -0.002689435840707982 0.029279590707964577 0.22239698561946897 0.19107784845132744 0.26460522676991155
4 0.31201972336065575 0.05135758196721316 0.22950179303278695 0.031941598360655764 0.18750640368852461 0.2104220030737705 0.2700243340163934 0.2298379866803279
4 0.29112375648788935 0.35819569096020765 0.2705213289359862 0.29050200043252594 0.15681769031141868 0.32510745566608995 0.17742011786332182 0.39280114619377166
4 0.3990770367723493 0.5288522446725572 0.2830264910343036 0.4766294990904366 0.2034498440748441 0.6534664923336798 0.31950038981288975 0.7056892379158004
4 0.4299860346502592 0.42210775582901555 0.3802825453367876 0.40902789022020725 0.35607087920984465 0.5010322215025906 0.4057743685233162 0.5141120871113989
4 0.5360904628613836 0.5028399465991223 0.42796981882421276 0.5003826592346412 0.4231918720960248 0.7106123152749096 0.5313125161331957 0.7130696026393908
4 0.7320975825471697 0.7064821639150944 0.7072818396226414 0.6702130011792452 0.6736733490566036 0.6932082841981131 0.698489091981132 0.7294774469339623
4 0.558610626317176 0.819631478859326 0.48318460221285564 0.6968793219836671 0.3078878260010538 0.8045917989330874 0.38331385010537417 0.9273439558087462
4 0.37159547018348627 0.9746541714449541 0.3028150086009174 0.7453859661697247 0.22056873566513757 0.7700598480504587 0.2893491972477064 0.9993280533256883
4 0.12695312500000008 0.79296875 9.920356639577436e-17 0.79296875 1.0799375582324803e-16 0.9365234375 0.1269531250000001 0.9365234375
4 0.21647518382352954 0.5891429227941177 0.12223115808823541 0.5818933823529412 0.11619944852941186 0.6603056066176471 0.21044347426470603 0.6675551470588237
4 0.13254825367647066 0.5434742647058824 0.07056525735294125 0.5387063419117648 0.06680836397058833 0.5875459558823529 0.12879136029411775 0.5923138786764706
